2021/12/17-10:42:29.500624 7ff4c1acd700 RocksDB version: 6.20.3
2021/12/17-10:42:29.500648 7ff4c1acd700 Compile date 2021-05-07 11:24:03
2021/12/17-10:42:29.501143 7ff4c1acd700 DB SUMMARY
2021/12/17-10:42:29.501146 7ff4c1acd700 DB Session ID:  OK970ALDI9A8HYB89INZ
2021/12/17-10:42:29.501645 7ff4c1acd700 SST files in /home/ubuntu/Documents/hivemq-ce-2021.3/data/persistence/publish_payload_store/040500_R/publish_payload_store_49 dir, Total Num: 0, files: 
2021/12/17-10:42:29.501649 7ff4c1acd700 Write Ahead Log file in /home/ubuntu/Documents/hivemq-ce-2021.3/data/persistence/publish_payload_store/040500_R/publish_payload_store_49: 
2021/12/17-10:42:29.501651 7ff4c1acd700                         Options.error_if_exists: 0
2021/12/17-10:42:29.501653 7ff4c1acd700                       Options.create_if_missing: 1
2021/12/17-10:42:29.501655 7ff4c1acd700                         Options.paranoid_checks: 1
2021/12/17-10:42:29.501656 7ff4c1acd700                               Options.track_and_verify_wals_in_manifest: 0
2021/12/17-10:42:29.501657 7ff4c1acd700                                     Options.env: 0x7ff4c35b80a0
2021/12/17-10:42:29.501658 7ff4c1acd700                                      Options.fs: Posix File System
2021/12/17-10:42:29.501659 7ff4c1acd700                                Options.info_log: 0x7ff4b40ab0f0
2021/12/17-10:42:29.501660 7ff4c1acd700                Options.max_file_opening_threads: 16
2021/12/17-10:42:29.501661 7ff4c1acd700                              Options.statistics: 0x7ff4ac004d30
2021/12/17-10:42:29.501662 7ff4c1acd700                               Options.use_fsync: 0
2021/12/17-10:42:29.501663 7ff4c1acd700                       Options.max_log_file_size: 512000
2021/12/17-10:42:29.501664 7ff4c1acd700                  Options.max_manifest_file_size: 1073741824
2021/12/17-10:42:29.501664 7ff4c1acd700                   Options.log_file_time_to_roll: 0
2021/12/17-10:42:29.501665 7ff4c1acd700                       Options.keep_log_file_num: 2
2021/12/17-10:42:29.501666 7ff4c1acd700                    Options.recycle_log_file_num: 0
2021/12/17-10:42:29.501667 7ff4c1acd700                         Options.allow_fallocate: 1
2021/12/17-10:42:29.501668 7ff4c1acd700                        Options.allow_mmap_reads: 0
2021/12/17-10:42:29.501669 7ff4c1acd700                       Options.allow_mmap_writes: 0
2021/12/17-10:42:29.501669 7ff4c1acd700                        Options.use_direct_reads: 0
2021/12/17-10:42:29.501670 7ff4c1acd700                        Options.use_direct_io_for_flush_and_compaction: 0
2021/12/17-10:42:29.501671 7ff4c1acd700          Options.create_missing_column_families: 0
2021/12/17-10:42:29.501672 7ff4c1acd700                              Options.db_log_dir: 
2021/12/17-10:42:29.501673 7ff4c1acd700                                 Options.wal_dir: /home/ubuntu/Documents/hivemq-ce-2021.3/data/persistence/publish_payload_store/040500_R/publish_payload_store_49
2021/12/17-10:42:29.501674 7ff4c1acd700                Options.table_cache_numshardbits: 6
2021/12/17-10:42:29.501674 7ff4c1acd700                         Options.WAL_ttl_seconds: 0
2021/12/17-10:42:29.501675 7ff4c1acd700                       Options.WAL_size_limit_MB: 0
2021/12/17-10:42:29.501676 7ff4c1acd700                        Options.max_write_batch_group_size_bytes: 1048576
2021/12/17-10:42:29.501677 7ff4c1acd700             Options.manifest_preallocation_size: 4194304
2021/12/17-10:42:29.501678 7ff4c1acd700                     Options.is_fd_close_on_exec: 1
2021/12/17-10:42:29.501679 7ff4c1acd700                   Options.advise_random_on_open: 1
2021/12/17-10:42:29.501679 7ff4c1acd700                    Options.db_write_buffer_size: 0
2021/12/17-10:42:29.501680 7ff4c1acd700                    Options.write_buffer_manager: 0x7ff4b4098da0
2021/12/17-10:42:29.501681 7ff4c1acd700         Options.access_hint_on_compaction_start: 1
2021/12/17-10:42:29.501682 7ff4c1acd700  Options.new_table_reader_for_compaction_inputs: 0
2021/12/17-10:42:29.501683 7ff4c1acd700           Options.random_access_max_buffer_size: 1048576
2021/12/17-10:42:29.501683 7ff4c1acd700                      Options.use_adaptive_mutex: 0
2021/12/17-10:42:29.501699 7ff4c1acd700                            Options.rate_limiter: (nil)
2021/12/17-10:42:29.501700 7ff4c1acd700     Options.sst_file_manager.rate_bytes_per_sec: 0
2021/12/17-10:42:29.501701 7ff4c1acd700                       Options.wal_recovery_mode: 2
2021/12/17-10:42:29.501701 7ff4c1acd700                  Options.enable_thread_tracking: 0
2021/12/17-10:42:29.501702 7ff4c1acd700                  Options.enable_pipelined_write: 0
2021/12/17-10:42:29.501703 7ff4c1acd700                  Options.unordered_write: 0
2021/12/17-10:42:29.501704 7ff4c1acd700         Options.allow_concurrent_memtable_write: 1
2021/12/17-10:42:29.501705 7ff4c1acd700      Options.enable_write_thread_adaptive_yield: 1
2021/12/17-10:42:29.501706 7ff4c1acd700             Options.write_thread_max_yield_usec: 100
2021/12/17-10:42:29.501706 7ff4c1acd700            Options.write_thread_slow_yield_usec: 3
2021/12/17-10:42:29.501707 7ff4c1acd700                               Options.row_cache: None
2021/12/17-10:42:29.501708 7ff4c1acd700                              Options.wal_filter: None
2021/12/17-10:42:29.501709 7ff4c1acd700             Options.avoid_flush_during_recovery: 0
2021/12/17-10:42:29.501710 7ff4c1acd700             Options.allow_ingest_behind: 0
2021/12/17-10:42:29.501711 7ff4c1acd700             Options.preserve_deletes: 0
2021/12/17-10:42:29.501711 7ff4c1acd700             Options.two_write_queues: 0
2021/12/17-10:42:29.501712 7ff4c1acd700             Options.manual_wal_flush: 0
2021/12/17-10:42:29.501713 7ff4c1acd700             Options.atomic_flush: 0
2021/12/17-10:42:29.501714 7ff4c1acd700             Options.avoid_unnecessary_blocking_io: 0
2021/12/17-10:42:29.501715 7ff4c1acd700                 Options.persist_stats_to_disk: 0
2021/12/17-10:42:29.501716 7ff4c1acd700                 Options.write_dbid_to_manifest: 0
2021/12/17-10:42:29.501716 7ff4c1acd700                 Options.log_readahead_size: 0
2021/12/17-10:42:29.501717 7ff4c1acd700                 Options.file_checksum_gen_factory: Unknown
2021/12/17-10:42:29.501718 7ff4c1acd700                 Options.best_efforts_recovery: 0
2021/12/17-10:42:29.501719 7ff4c1acd700                Options.max_bgerror_resume_count: 2147483647
2021/12/17-10:42:29.501720 7ff4c1acd700            Options.bgerror_resume_retry_interval: 1000000
2021/12/17-10:42:29.501721 7ff4c1acd700             Options.allow_data_in_errors: 0
2021/12/17-10:42:29.501721 7ff4c1acd700             Options.db_host_id: __hostname__
2021/12/17-10:42:29.501722 7ff4c1acd700             Options.max_background_jobs: 2
2021/12/17-10:42:29.501723 7ff4c1acd700             Options.max_background_compactions: -1
2021/12/17-10:42:29.501724 7ff4c1acd700             Options.max_subcompactions: 1
2021/12/17-10:42:29.501725 7ff4c1acd700             Options.avoid_flush_during_shutdown: 0
2021/12/17-10:42:29.501726 7ff4c1acd700           Options.writable_file_max_buffer_size: 1048576
2021/12/17-10:42:29.501727 7ff4c1acd700             Options.delayed_write_rate : 16777216
2021/12/17-10:42:29.501728 7ff4c1acd700             Options.max_total_wal_size: 0
2021/12/17-10:42:29.501728 7ff4c1acd700             Options.delete_obsolete_files_period_micros: 21600000000
2021/12/17-10:42:29.501729 7ff4c1acd700                   Options.stats_dump_period_sec: 0
2021/12/17-10:42:29.501730 7ff4c1acd700                 Options.stats_persist_period_sec: 0
2021/12/17-10:42:29.501731 7ff4c1acd700                 Options.stats_history_buffer_size: 65536
2021/12/17-10:42:29.501732 7ff4c1acd700                          Options.max_open_files: -1
2021/12/17-10:42:29.501733 7ff4c1acd700                          Options.bytes_per_sync: 0
2021/12/17-10:42:29.501734 7ff4c1acd700                      Options.wal_bytes_per_sync: 0
2021/12/17-10:42:29.501734 7ff4c1acd700                   Options.strict_bytes_per_sync: 0
2021/12/17-10:42:29.501735 7ff4c1acd700       Options.compaction_readahead_size: 0
2021/12/17-10:42:29.501736 7ff4c1acd700                  Options.max_background_flushes: -1
2021/12/17-10:42:29.501737 7ff4c1acd700 Compression algorithms supported:
2021/12/17-10:42:29.501743 7ff4c1acd700 	kZSTDNotFinalCompression supported: 1
2021/12/17-10:42:29.501744 7ff4c1acd700 	kZSTD supported: 1
2021/12/17-10:42:29.501745 7ff4c1acd700 	kXpressCompression supported: 0
2021/12/17-10:42:29.501746 7ff4c1acd700 	kLZ4HCCompression supported: 1
2021/12/17-10:42:29.501747 7ff4c1acd700 	kLZ4Compression supported: 1
2021/12/17-10:42:29.501748 7ff4c1acd700 	kBZip2Compression supported: 1
2021/12/17-10:42:29.501748 7ff4c1acd700 	kZlibCompression supported: 1
2021/12/17-10:42:29.501749 7ff4c1acd700 	kSnappyCompression supported: 1
2021/12/17-10:42:29.501751 7ff4c1acd700 Fast CRC32 supported: Not supported on x86
2021/12/17-10:42:29.519231 7ff4c1acd700 [/db_impl/db_impl_open.cc:285] Creating manifest 1 
2021/12/17-10:42:29.560227 7ff4c1acd700 [/version_set.cc:4627] Recovering from manifest file: /home/ubuntu/Documents/hivemq-ce-2021.3/data/persistence/publish_payload_store/040500_R/publish_payload_store_49/MANIFEST-000001
2021/12/17-10:42:29.560317 7ff4c1acd700 [/column_family.cc:598] --------------- Options for column family [default]:
2021/12/17-10:42:29.560320 7ff4c1acd700               Options.comparator: leveldb.BytewiseComparator
2021/12/17-10:42:29.560321 7ff4c1acd700           Options.merge_operator: None
2021/12/17-10:42:29.560323 7ff4c1acd700        Options.compaction_filter: None
2021/12/17-10:42:29.560324 7ff4c1acd700        Options.compaction_filter_factory: None
2021/12/17-10:42:29.560325 7ff4c1acd700  Options.sst_partitioner_factory: None
2021/12/17-10:42:29.560326 7ff4c1acd700         Options.memtable_factory: SkipListFactory
2021/12/17-10:42:29.560327 7ff4c1acd700            Options.table_factory: BlockBasedTable
2021/12/17-10:42:29.560344 7ff4c1acd700            table_factory options:   flush_block_policy_factory: FlushBlockBySizePolicyFactory (0x7ff4ac079670)
  cache_index_and_filter_blocks: 0
  cache_index_and_filter_blocks_with_high_priority: 1
  pin_l0_filter_and_index_blocks_in_cache: 0
  pin_top_level_index_and_filter: 1
  index_type: 0
  data_block_index_type: 0
  index_shortening: 1
  data_block_hash_table_util_ratio: 0.750000
  hash_index_allow_collision: 1
  checksum: 1
  no_block_cache: 0
  block_cache: 0x7ff4ac005750
  block_cache_name: LRUCache
  block_cache_options:
    capacity : 128753152
    num_shard_bits : 6
    strict_capacity_limit : 0
    memory_allocator : None
    high_pri_pool_ratio: 0.000
  block_cache_compressed: (nil)
  persistent_cache: (nil)
  block_size: 32768
  block_size_deviation: 10
  block_restart_interval: 16
  index_block_restart_interval: 1
  metadata_block_size: 4096
  partition_filters: 0
  use_delta_encoding: 1
  filter_policy: nullptr
  whole_key_filtering: 1
  verify_compression: 0
  read_amp_bytes_per_bit: 0
  format_version: 5
  enable_index_compression: 1
  block_align: 0
2021/12/17-10:42:29.560346 7ff4c1acd700        Options.write_buffer_size: 4023536
2021/12/17-10:42:29.560348 7ff4c1acd700  Options.max_write_buffer_number: 2
2021/12/17-10:42:29.560349 7ff4c1acd700          Options.compression: Snappy
2021/12/17-10:42:29.560350 7ff4c1acd700                  Options.bottommost_compression: Disabled
2021/12/17-10:42:29.560351 7ff4c1acd700       Options.prefix_extractor: nullptr
2021/12/17-10:42:29.560352 7ff4c1acd700   Options.memtable_insert_with_hint_prefix_extractor: nullptr
2021/12/17-10:42:29.560353 7ff4c1acd700             Options.num_levels: 7
2021/12/17-10:42:29.560353 7ff4c1acd700        Options.min_write_buffer_number_to_merge: 1
2021/12/17-10:42:29.560354 7ff4c1acd700     Options.max_write_buffer_number_to_maintain: 0
2021/12/17-10:42:29.560355 7ff4c1acd700     Options.max_write_buffer_size_to_maintain: 0
2021/12/17-10:42:29.560356 7ff4c1acd700            Options.bottommost_compression_opts.window_bits: -14
2021/12/17-10:42:29.560357 7ff4c1acd700                  Options.bottommost_compression_opts.level: 32767
2021/12/17-10:42:29.560358 7ff4c1acd700               Options.bottommost_compression_opts.strategy: 0
2021/12/17-10:42:29.560359 7ff4c1acd700         Options.bottommost_compression_opts.max_dict_bytes: 0
2021/12/17-10:42:29.560371 7ff4c1acd700         Options.bottommost_compression_opts.zstd_max_train_bytes: 0
2021/12/17-10:42:29.560372 7ff4c1acd700         Options.bottommost_compression_opts.parallel_threads: 1
2021/12/17-10:42:29.560373 7ff4c1acd700                  Options.bottommost_compression_opts.enabled: false
2021/12/17-10:42:29.560374 7ff4c1acd700         Options.bottommost_compression_opts.max_dict_buffer_bytes: 0
2021/12/17-10:42:29.560375 7ff4c1acd700            Options.compression_opts.window_bits: -14
2021/12/17-10:42:29.560376 7ff4c1acd700                  Options.compression_opts.level: 32767
2021/12/17-10:42:29.560377 7ff4c1acd700               Options.compression_opts.strategy: 0
2021/12/17-10:42:29.560377 7ff4c1acd700         Options.compression_opts.max_dict_bytes: 0
2021/12/17-10:42:29.560378 7ff4c1acd700         Options.compression_opts.zstd_max_train_bytes: 0
2021/12/17-10:42:29.560379 7ff4c1acd700         Options.compression_opts.parallel_threads: 1
2021/12/17-10:42:29.560381 7ff4c1acd700                  Options.compression_opts.enabled: false
2021/12/17-10:42:29.560383 7ff4c1acd700         Options.compression_opts.max_dict_buffer_bytes: 0
2021/12/17-10:42:29.560384 7ff4c1acd700      Options.level0_file_num_compaction_trigger: 4
2021/12/17-10:42:29.560385 7ff4c1acd700          Options.level0_slowdown_writes_trigger: 20
2021/12/17-10:42:29.560386 7ff4c1acd700              Options.level0_stop_writes_trigger: 36
2021/12/17-10:42:29.560387 7ff4c1acd700                   Options.target_file_size_base: 67108864
2021/12/17-10:42:29.560387 7ff4c1acd700             Options.target_file_size_multiplier: 1
2021/12/17-10:42:29.560388 7ff4c1acd700                Options.max_bytes_for_level_base: 268435456
2021/12/17-10:42:29.560389 7ff4c1acd700 Options.level_compaction_dynamic_level_bytes: 0
2021/12/17-10:42:29.560391 7ff4c1acd700          Options.max_bytes_for_level_multiplier: 10.000000
2021/12/17-10:42:29.560392 7ff4c1acd700 Options.max_bytes_for_level_multiplier_addtl[0]: 1
2021/12/17-10:42:29.560393 7ff4c1acd700 Options.max_bytes_for_level_multiplier_addtl[1]: 1
2021/12/17-10:42:29.560394 7ff4c1acd700 Options.max_bytes_for_level_multiplier_addtl[2]: 1
2021/12/17-10:42:29.560395 7ff4c1acd700 Options.max_bytes_for_level_multiplier_addtl[3]: 1
2021/12/17-10:42:29.560396 7ff4c1acd700 Options.max_bytes_for_level_multiplier_addtl[4]: 1
2021/12/17-10:42:29.560397 7ff4c1acd700 Options.max_bytes_for_level_multiplier_addtl[5]: 1
2021/12/17-10:42:29.560398 7ff4c1acd700 Options.max_bytes_for_level_multiplier_addtl[6]: 1
2021/12/17-10:42:29.560399 7ff4c1acd700       Options.max_sequential_skip_in_iterations: 8
2021/12/17-10:42:29.560400 7ff4c1acd700                    Options.max_compaction_bytes: 1677721600
2021/12/17-10:42:29.560401 7ff4c1acd700                        Options.arena_block_size: 503808
2021/12/17-10:42:29.560402 7ff4c1acd700   Options.soft_pending_compaction_bytes_limit: 68719476736
2021/12/17-10:42:29.560402 7ff4c1acd700   Options.hard_pending_compaction_bytes_limit: 274877906944
2021/12/17-10:42:29.560404 7ff4c1acd700       Options.rate_limit_delay_max_milliseconds: 100
2021/12/17-10:42:29.560405 7ff4c1acd700                Options.disable_auto_compactions: 0
2021/12/17-10:42:29.560406 7ff4c1acd700                        Options.compaction_style: kCompactionStyleLevel
2021/12/17-10:42:29.560407 7ff4c1acd700                          Options.compaction_pri: kMinOverlappingRatio
2021/12/17-10:42:29.560408 7ff4c1acd700 Options.compaction_options_universal.size_ratio: 1
2021/12/17-10:42:29.560409 7ff4c1acd700 Options.compaction_options_universal.min_merge_width: 2
2021/12/17-10:42:29.560410 7ff4c1acd700 Options.compaction_options_universal.max_merge_width: 4294967295
2021/12/17-10:42:29.560411 7ff4c1acd700 Options.compaction_options_universal.max_size_amplification_percent: 200
2021/12/17-10:42:29.560412 7ff4c1acd700 Options.compaction_options_universal.compression_size_percent: -1
2021/12/17-10:42:29.560413 7ff4c1acd700 Options.compaction_options_universal.stop_style: kCompactionStopStyleTotalSize
2021/12/17-10:42:29.560421 7ff4c1acd700 Options.compaction_options_fifo.max_table_files_size: 1073741824
2021/12/17-10:42:29.560422 7ff4c1acd700 Options.compaction_options_fifo.allow_compaction: 0
2021/12/17-10:42:29.560426 7ff4c1acd700                   Options.table_properties_collectors: 
2021/12/17-10:42:29.560427 7ff4c1acd700                   Options.inplace_update_support: 0
2021/12/17-10:42:29.560428 7ff4c1acd700                 Options.inplace_update_num_locks: 10000
2021/12/17-10:42:29.560429 7ff4c1acd700               Options.memtable_prefix_bloom_size_ratio: 0.000000
2021/12/17-10:42:29.560430 7ff4c1acd700               Options.memtable_whole_key_filtering: 0
2021/12/17-10:42:29.560432 7ff4c1acd700   Options.memtable_huge_page_size: 0
2021/12/17-10:42:29.560433 7ff4c1acd700                           Options.bloom_locality: 0
2021/12/17-10:42:29.560434 7ff4c1acd700                    Options.max_successive_merges: 0
2021/12/17-10:42:29.560435 7ff4c1acd700                Options.optimize_filters_for_hits: 0
2021/12/17-10:42:29.560436 7ff4c1acd700                Options.paranoid_file_checks: 0
2021/12/17-10:42:29.560436 7ff4c1acd700                Options.force_consistency_checks: 1
2021/12/17-10:42:29.560437 7ff4c1acd700                Options.report_bg_io_stats: 0
2021/12/17-10:42:29.560438 7ff4c1acd700                               Options.ttl: 2592000
2021/12/17-10:42:29.560439 7ff4c1acd700          Options.periodic_compaction_seconds: 0
2021/12/17-10:42:29.560440 7ff4c1acd700                    Options.enable_blob_files: false
2021/12/17-10:42:29.560441 7ff4c1acd700                        Options.min_blob_size: 0
2021/12/17-10:42:29.560441 7ff4c1acd700                       Options.blob_file_size: 268435456
2021/12/17-10:42:29.560442 7ff4c1acd700                Options.blob_compression_type: NoCompression
2021/12/17-10:42:29.560443 7ff4c1acd700       Options.enable_blob_garbage_collection: false
2021/12/17-10:42:29.560444 7ff4c1acd700   Options.blob_garbage_collection_age_cutoff: 0.250000
2021/12/17-10:42:29.625890 7ff4c1acd700 [/version_set.cc:4675] Recovered from manifest file:/home/ubuntu/Documents/hivemq-ce-2021.3/data/persistence/publish_payload_store/040500_R/publish_payload_store_49/MANIFEST-000001 succeeded,manifest_file_number is 1, next_file_number is 3, last_sequence is 0, log_number is 0,prev_log_number is 0,max_column_family is 0,min_log_number_to_keep is 0
2021/12/17-10:42:29.625896 7ff4c1acd700 [/version_set.cc:4684] Column family [default] (ID 0), log number is 0
2021/12/17-10:42:29.625971 7ff4c1acd700 [/version_set.cc:4119] Creating manifest 4
2021/12/17-10:42:29.722064 7ff4c1acd700 [/db_impl/db_impl_open.cc:1757] SstFileManager instance 0x7ff4b4094c60
2021/12/17-10:42:29.722081 7ff4c1acd700 DB pointer 0x7ff4b4098de0
2021/12/17-10:50:52.597378 7ff48aff0700 [/db_impl/db_impl.cc:463] Shutdown: canceling all background work
2021/12/17-10:50:52.597487 7ff48aff0700 [/db_impl/db_impl.cc:642] Shutdown complete
