2021/12/17-10:42:29.959551 7ff4c24d7700 RocksDB version: 6.20.3
2021/12/17-10:42:29.959577 7ff4c24d7700 Compile date 2021-05-07 11:24:03
2021/12/17-10:42:29.959611 7ff4c24d7700 DB SUMMARY
2021/12/17-10:42:29.959612 7ff4c24d7700 DB Session ID:  QR12MF5URAPDU29HQJQW
2021/12/17-10:42:29.959625 7ff4c24d7700 SST files in /home/ubuntu/Documents/hivemq-ce-2021.3/data/persistence/retained_messages/040500_R/retained_messages_17 dir, Total Num: 0, files: 
2021/12/17-10:42:29.959627 7ff4c24d7700 Write Ahead Log file in /home/ubuntu/Documents/hivemq-ce-2021.3/data/persistence/retained_messages/040500_R/retained_messages_17: 
2021/12/17-10:42:29.959629 7ff4c24d7700                         Options.error_if_exists: 0
2021/12/17-10:42:29.959630 7ff4c24d7700                       Options.create_if_missing: 1
2021/12/17-10:42:29.959630 7ff4c24d7700                         Options.paranoid_checks: 1
2021/12/17-10:42:29.959631 7ff4c24d7700                               Options.track_and_verify_wals_in_manifest: 0
2021/12/17-10:42:29.959632 7ff4c24d7700                                     Options.env: 0x7ff4c35b80a0
2021/12/17-10:42:29.959634 7ff4c24d7700                                      Options.fs: Posix File System
2021/12/17-10:42:29.959635 7ff4c24d7700                                Options.info_log: 0x7ff494265e00
2021/12/17-10:42:29.959635 7ff4c24d7700                Options.max_file_opening_threads: 16
2021/12/17-10:42:29.959636 7ff4c24d7700                              Options.statistics: 0x7ff4a0003190
2021/12/17-10:42:29.959637 7ff4c24d7700                               Options.use_fsync: 0
2021/12/17-10:42:29.959638 7ff4c24d7700                       Options.max_log_file_size: 512000
2021/12/17-10:42:29.959639 7ff4c24d7700                  Options.max_manifest_file_size: 1073741824
2021/12/17-10:42:29.959640 7ff4c24d7700                   Options.log_file_time_to_roll: 0
2021/12/17-10:42:29.959641 7ff4c24d7700                       Options.keep_log_file_num: 2
2021/12/17-10:42:29.959641 7ff4c24d7700                    Options.recycle_log_file_num: 0
2021/12/17-10:42:29.959642 7ff4c24d7700                         Options.allow_fallocate: 1
2021/12/17-10:42:29.959643 7ff4c24d7700                        Options.allow_mmap_reads: 0
2021/12/17-10:42:29.959644 7ff4c24d7700                       Options.allow_mmap_writes: 0
2021/12/17-10:42:29.959645 7ff4c24d7700                        Options.use_direct_reads: 0
2021/12/17-10:42:29.959646 7ff4c24d7700                        Options.use_direct_io_for_flush_and_compaction: 0
2021/12/17-10:42:29.959646 7ff4c24d7700          Options.create_missing_column_families: 0
2021/12/17-10:42:29.959647 7ff4c24d7700                              Options.db_log_dir: 
2021/12/17-10:42:29.959648 7ff4c24d7700                                 Options.wal_dir: /home/ubuntu/Documents/hivemq-ce-2021.3/data/persistence/retained_messages/040500_R/retained_messages_17
2021/12/17-10:42:29.959649 7ff4c24d7700                Options.table_cache_numshardbits: 6
2021/12/17-10:42:29.959650 7ff4c24d7700                         Options.WAL_ttl_seconds: 0
2021/12/17-10:42:29.959651 7ff4c24d7700                       Options.WAL_size_limit_MB: 0
2021/12/17-10:42:29.959651 7ff4c24d7700                        Options.max_write_batch_group_size_bytes: 1048576
2021/12/17-10:42:29.959652 7ff4c24d7700             Options.manifest_preallocation_size: 4194304
2021/12/17-10:42:29.959653 7ff4c24d7700                     Options.is_fd_close_on_exec: 1
2021/12/17-10:42:29.959654 7ff4c24d7700                   Options.advise_random_on_open: 1
2021/12/17-10:42:29.959655 7ff4c24d7700                    Options.db_write_buffer_size: 0
2021/12/17-10:42:29.959656 7ff4c24d7700                    Options.write_buffer_manager: 0x7ff494244a10
2021/12/17-10:42:29.959657 7ff4c24d7700         Options.access_hint_on_compaction_start: 1
2021/12/17-10:42:29.959657 7ff4c24d7700  Options.new_table_reader_for_compaction_inputs: 0
2021/12/17-10:42:29.959658 7ff4c24d7700           Options.random_access_max_buffer_size: 1048576
2021/12/17-10:42:29.959659 7ff4c24d7700                      Options.use_adaptive_mutex: 0
2021/12/17-10:42:29.959668 7ff4c24d7700                            Options.rate_limiter: (nil)
2021/12/17-10:42:29.959669 7ff4c24d7700     Options.sst_file_manager.rate_bytes_per_sec: 0
2021/12/17-10:42:29.959670 7ff4c24d7700                       Options.wal_recovery_mode: 2
2021/12/17-10:42:29.959670 7ff4c24d7700                  Options.enable_thread_tracking: 0
2021/12/17-10:42:29.959671 7ff4c24d7700                  Options.enable_pipelined_write: 0
2021/12/17-10:42:29.959672 7ff4c24d7700                  Options.unordered_write: 0
2021/12/17-10:42:29.959673 7ff4c24d7700         Options.allow_concurrent_memtable_write: 1
2021/12/17-10:42:29.959673 7ff4c24d7700      Options.enable_write_thread_adaptive_yield: 1
2021/12/17-10:42:29.959674 7ff4c24d7700             Options.write_thread_max_yield_usec: 100
2021/12/17-10:42:29.959675 7ff4c24d7700            Options.write_thread_slow_yield_usec: 3
2021/12/17-10:42:29.959676 7ff4c24d7700                               Options.row_cache: None
2021/12/17-10:42:29.959677 7ff4c24d7700                              Options.wal_filter: None
2021/12/17-10:42:29.959677 7ff4c24d7700             Options.avoid_flush_during_recovery: 0
2021/12/17-10:42:29.959678 7ff4c24d7700             Options.allow_ingest_behind: 0
2021/12/17-10:42:29.959679 7ff4c24d7700             Options.preserve_deletes: 0
2021/12/17-10:42:29.959680 7ff4c24d7700             Options.two_write_queues: 0
2021/12/17-10:42:29.959681 7ff4c24d7700             Options.manual_wal_flush: 0
2021/12/17-10:42:29.959681 7ff4c24d7700             Options.atomic_flush: 0
2021/12/17-10:42:29.959682 7ff4c24d7700             Options.avoid_unnecessary_blocking_io: 0
2021/12/17-10:42:29.959683 7ff4c24d7700                 Options.persist_stats_to_disk: 0
2021/12/17-10:42:29.959684 7ff4c24d7700                 Options.write_dbid_to_manifest: 0
2021/12/17-10:42:29.959685 7ff4c24d7700                 Options.log_readahead_size: 0
2021/12/17-10:42:29.959685 7ff4c24d7700                 Options.file_checksum_gen_factory: Unknown
2021/12/17-10:42:29.959686 7ff4c24d7700                 Options.best_efforts_recovery: 0
2021/12/17-10:42:29.959687 7ff4c24d7700                Options.max_bgerror_resume_count: 2147483647
2021/12/17-10:42:29.959688 7ff4c24d7700            Options.bgerror_resume_retry_interval: 1000000
2021/12/17-10:42:29.959689 7ff4c24d7700             Options.allow_data_in_errors: 0
2021/12/17-10:42:29.959690 7ff4c24d7700             Options.db_host_id: __hostname__
2021/12/17-10:42:29.959691 7ff4c24d7700             Options.max_background_jobs: 2
2021/12/17-10:42:29.959692 7ff4c24d7700             Options.max_background_compactions: -1
2021/12/17-10:42:29.959692 7ff4c24d7700             Options.max_subcompactions: 1
2021/12/17-10:42:29.959693 7ff4c24d7700             Options.avoid_flush_during_shutdown: 0
2021/12/17-10:42:29.959694 7ff4c24d7700           Options.writable_file_max_buffer_size: 1048576
2021/12/17-10:42:29.959695 7ff4c24d7700             Options.delayed_write_rate : 16777216
2021/12/17-10:42:29.959696 7ff4c24d7700             Options.max_total_wal_size: 0
2021/12/17-10:42:29.959697 7ff4c24d7700             Options.delete_obsolete_files_period_micros: 21600000000
2021/12/17-10:42:29.959698 7ff4c24d7700                   Options.stats_dump_period_sec: 0
2021/12/17-10:42:29.959699 7ff4c24d7700                 Options.stats_persist_period_sec: 0
2021/12/17-10:42:29.959699 7ff4c24d7700                 Options.stats_history_buffer_size: 65536
2021/12/17-10:42:29.959700 7ff4c24d7700                          Options.max_open_files: -1
2021/12/17-10:42:29.959701 7ff4c24d7700                          Options.bytes_per_sync: 0
2021/12/17-10:42:29.959702 7ff4c24d7700                      Options.wal_bytes_per_sync: 0
2021/12/17-10:42:29.959703 7ff4c24d7700                   Options.strict_bytes_per_sync: 0
2021/12/17-10:42:29.959704 7ff4c24d7700       Options.compaction_readahead_size: 0
2021/12/17-10:42:29.959704 7ff4c24d7700                  Options.max_background_flushes: -1
2021/12/17-10:42:29.959705 7ff4c24d7700 Compression algorithms supported:
2021/12/17-10:42:29.959711 7ff4c24d7700 	kZSTDNotFinalCompression supported: 1
2021/12/17-10:42:29.959713 7ff4c24d7700 	kZSTD supported: 1
2021/12/17-10:42:29.959714 7ff4c24d7700 	kXpressCompression supported: 0
2021/12/17-10:42:29.959715 7ff4c24d7700 	kLZ4HCCompression supported: 1
2021/12/17-10:42:29.959715 7ff4c24d7700 	kLZ4Compression supported: 1
2021/12/17-10:42:29.959716 7ff4c24d7700 	kBZip2Compression supported: 1
2021/12/17-10:42:29.959717 7ff4c24d7700 	kZlibCompression supported: 1
2021/12/17-10:42:29.959718 7ff4c24d7700 	kSnappyCompression supported: 1
2021/12/17-10:42:29.959719 7ff4c24d7700 Fast CRC32 supported: Not supported on x86
2021/12/17-10:42:29.978563 7ff4c24d7700 [/db_impl/db_impl_open.cc:285] Creating manifest 1 
2021/12/17-10:42:30.041317 7ff4c24d7700 [/version_set.cc:4627] Recovering from manifest file: /home/ubuntu/Documents/hivemq-ce-2021.3/data/persistence/retained_messages/040500_R/retained_messages_17/MANIFEST-000001
2021/12/17-10:42:30.041429 7ff4c24d7700 [/column_family.cc:598] --------------- Options for column family [default]:
2021/12/17-10:42:30.041432 7ff4c24d7700               Options.comparator: leveldb.BytewiseComparator
2021/12/17-10:42:30.041433 7ff4c24d7700           Options.merge_operator: None
2021/12/17-10:42:30.041434 7ff4c24d7700        Options.compaction_filter: None
2021/12/17-10:42:30.041435 7ff4c24d7700        Options.compaction_filter_factory: None
2021/12/17-10:42:30.041436 7ff4c24d7700  Options.sst_partitioner_factory: None
2021/12/17-10:42:30.041437 7ff4c24d7700         Options.memtable_factory: SkipListFactory
2021/12/17-10:42:30.041438 7ff4c24d7700            Options.table_factory: BlockBasedTable
2021/12/17-10:42:30.041458 7ff4c24d7700            table_factory options:   flush_block_policy_factory: FlushBlockBySizePolicyFactory (0x7ff4a006ca20)
  cache_index_and_filter_blocks: 0
  cache_index_and_filter_blocks_with_high_priority: 1
  pin_l0_filter_and_index_blocks_in_cache: 0
  pin_top_level_index_and_filter: 1
  index_type: 0
  data_block_index_type: 0
  index_shortening: 1
  data_block_hash_table_util_ratio: 0.750000
  hash_index_allow_collision: 1
  checksum: 1
  no_block_cache: 0
  block_cache: 0x7ff4a006c9a0
  block_cache_name: LRUCache
  block_cache_options:
    capacity : 128753152
    num_shard_bits : 6
    strict_capacity_limit : 0
    memory_allocator : None
    high_pri_pool_ratio: 0.000
  block_cache_compressed: (nil)
  persistent_cache: (nil)
  block_size: 32768
  block_size_deviation: 10
  block_restart_interval: 16
  index_block_restart_interval: 1
  metadata_block_size: 4096
  partition_filters: 0
  use_delta_encoding: 1
  filter_policy: nullptr
  whole_key_filtering: 1
  verify_compression: 0
  read_amp_bytes_per_bit: 0
  format_version: 5
  enable_index_compression: 1
  block_align: 0
2021/12/17-10:42:30.041461 7ff4c24d7700        Options.write_buffer_size: 4023536
2021/12/17-10:42:30.041462 7ff4c24d7700  Options.max_write_buffer_number: 2
2021/12/17-10:42:30.041463 7ff4c24d7700          Options.compression: Snappy
2021/12/17-10:42:30.041464 7ff4c24d7700                  Options.bottommost_compression: Disabled
2021/12/17-10:42:30.041464 7ff4c24d7700       Options.prefix_extractor: nullptr
2021/12/17-10:42:30.041465 7ff4c24d7700   Options.memtable_insert_with_hint_prefix_extractor: nullptr
2021/12/17-10:42:30.041466 7ff4c24d7700             Options.num_levels: 7
2021/12/17-10:42:30.041467 7ff4c24d7700        Options.min_write_buffer_number_to_merge: 1
2021/12/17-10:42:30.041468 7ff4c24d7700     Options.max_write_buffer_number_to_maintain: 0
2021/12/17-10:42:30.041469 7ff4c24d7700     Options.max_write_buffer_size_to_maintain: 0
2021/12/17-10:42:30.041470 7ff4c24d7700            Options.bottommost_compression_opts.window_bits: -14
2021/12/17-10:42:30.041470 7ff4c24d7700                  Options.bottommost_compression_opts.level: 32767
2021/12/17-10:42:30.041471 7ff4c24d7700               Options.bottommost_compression_opts.strategy: 0
2021/12/17-10:42:30.041472 7ff4c24d7700         Options.bottommost_compression_opts.max_dict_bytes: 0
2021/12/17-10:42:30.042194 7ff4c24d7700         Options.bottommost_compression_opts.zstd_max_train_bytes: 0
2021/12/17-10:42:30.042196 7ff4c24d7700         Options.bottommost_compression_opts.parallel_threads: 1
2021/12/17-10:42:30.042197 7ff4c24d7700                  Options.bottommost_compression_opts.enabled: false
2021/12/17-10:42:30.042198 7ff4c24d7700         Options.bottommost_compression_opts.max_dict_buffer_bytes: 0
2021/12/17-10:42:30.042200 7ff4c24d7700            Options.compression_opts.window_bits: -14
2021/12/17-10:42:30.042201 7ff4c24d7700                  Options.compression_opts.level: 32767
2021/12/17-10:42:30.042202 7ff4c24d7700               Options.compression_opts.strategy: 0
2021/12/17-10:42:30.042203 7ff4c24d7700         Options.compression_opts.max_dict_bytes: 0
2021/12/17-10:42:30.042204 7ff4c24d7700         Options.compression_opts.zstd_max_train_bytes: 0
2021/12/17-10:42:30.042205 7ff4c24d7700         Options.compression_opts.parallel_threads: 1
2021/12/17-10:42:30.042206 7ff4c24d7700                  Options.compression_opts.enabled: false
2021/12/17-10:42:30.042207 7ff4c24d7700         Options.compression_opts.max_dict_buffer_bytes: 0
2021/12/17-10:42:30.042208 7ff4c24d7700      Options.level0_file_num_compaction_trigger: 4
2021/12/17-10:42:30.042209 7ff4c24d7700          Options.level0_slowdown_writes_trigger: 20
2021/12/17-10:42:30.042210 7ff4c24d7700              Options.level0_stop_writes_trigger: 36
2021/12/17-10:42:30.042211 7ff4c24d7700                   Options.target_file_size_base: 67108864
2021/12/17-10:42:30.042211 7ff4c24d7700             Options.target_file_size_multiplier: 1
2021/12/17-10:42:30.042212 7ff4c24d7700                Options.max_bytes_for_level_base: 268435456
2021/12/17-10:42:30.042214 7ff4c24d7700 Options.level_compaction_dynamic_level_bytes: 0
2021/12/17-10:42:30.042216 7ff4c24d7700          Options.max_bytes_for_level_multiplier: 10.000000
2021/12/17-10:42:30.042217 7ff4c24d7700 Options.max_bytes_for_level_multiplier_addtl[0]: 1
2021/12/17-10:42:30.042218 7ff4c24d7700 Options.max_bytes_for_level_multiplier_addtl[1]: 1
2021/12/17-10:42:30.042219 7ff4c24d7700 Options.max_bytes_for_level_multiplier_addtl[2]: 1
2021/12/17-10:42:30.042220 7ff4c24d7700 Options.max_bytes_for_level_multiplier_addtl[3]: 1
2021/12/17-10:42:30.042221 7ff4c24d7700 Options.max_bytes_for_level_multiplier_addtl[4]: 1
2021/12/17-10:42:30.042222 7ff4c24d7700 Options.max_bytes_for_level_multiplier_addtl[5]: 1
2021/12/17-10:42:30.042223 7ff4c24d7700 Options.max_bytes_for_level_multiplier_addtl[6]: 1
2021/12/17-10:42:30.042224 7ff4c24d7700       Options.max_sequential_skip_in_iterations: 8
2021/12/17-10:42:30.042225 7ff4c24d7700                    Options.max_compaction_bytes: 1677721600
2021/12/17-10:42:30.042226 7ff4c24d7700                        Options.arena_block_size: 503808
2021/12/17-10:42:30.042227 7ff4c24d7700   Options.soft_pending_compaction_bytes_limit: 68719476736
2021/12/17-10:42:30.042228 7ff4c24d7700   Options.hard_pending_compaction_bytes_limit: 274877906944
2021/12/17-10:42:30.042230 7ff4c24d7700       Options.rate_limit_delay_max_milliseconds: 100
2021/12/17-10:42:30.042231 7ff4c24d7700                Options.disable_auto_compactions: 0
2021/12/17-10:42:30.042245 7ff4c24d7700                        Options.compaction_style: kCompactionStyleLevel
2021/12/17-10:42:30.042247 7ff4c24d7700                          Options.compaction_pri: kMinOverlappingRatio
2021/12/17-10:42:30.042248 7ff4c24d7700 Options.compaction_options_universal.size_ratio: 1
2021/12/17-10:42:30.042249 7ff4c24d7700 Options.compaction_options_universal.min_merge_width: 2
2021/12/17-10:42:30.042250 7ff4c24d7700 Options.compaction_options_universal.max_merge_width: 4294967295
2021/12/17-10:42:30.042251 7ff4c24d7700 Options.compaction_options_universal.max_size_amplification_percent: 200
2021/12/17-10:42:30.042253 7ff4c24d7700 Options.compaction_options_universal.compression_size_percent: -1
2021/12/17-10:42:30.042254 7ff4c24d7700 Options.compaction_options_universal.stop_style: kCompactionStopStyleTotalSize
2021/12/17-10:42:30.042269 7ff4c24d7700 Options.compaction_options_fifo.max_table_files_size: 1073741824
2021/12/17-10:42:30.042271 7ff4c24d7700 Options.compaction_options_fifo.allow_compaction: 0
2021/12/17-10:42:30.042276 7ff4c24d7700                   Options.table_properties_collectors: 
2021/12/17-10:42:30.042277 7ff4c24d7700                   Options.inplace_update_support: 0
2021/12/17-10:42:30.042279 7ff4c24d7700                 Options.inplace_update_num_locks: 10000
2021/12/17-10:42:30.042280 7ff4c24d7700               Options.memtable_prefix_bloom_size_ratio: 0.000000
2021/12/17-10:42:30.042281 7ff4c24d7700               Options.memtable_whole_key_filtering: 0
2021/12/17-10:42:30.042282 7ff4c24d7700   Options.memtable_huge_page_size: 0
2021/12/17-10:42:30.042283 7ff4c24d7700                           Options.bloom_locality: 0
2021/12/17-10:42:30.042284 7ff4c24d7700                    Options.max_successive_merges: 0
2021/12/17-10:42:30.042285 7ff4c24d7700                Options.optimize_filters_for_hits: 0
2021/12/17-10:42:30.042286 7ff4c24d7700                Options.paranoid_file_checks: 0
2021/12/17-10:42:30.042287 7ff4c24d7700                Options.force_consistency_checks: 1
2021/12/17-10:42:30.042288 7ff4c24d7700                Options.report_bg_io_stats: 0
2021/12/17-10:42:30.042289 7ff4c24d7700                               Options.ttl: 2592000
2021/12/17-10:42:30.042290 7ff4c24d7700          Options.periodic_compaction_seconds: 0
2021/12/17-10:42:30.042291 7ff4c24d7700                    Options.enable_blob_files: false
2021/12/17-10:42:30.042292 7ff4c24d7700                        Options.min_blob_size: 0
2021/12/17-10:42:30.042293 7ff4c24d7700                       Options.blob_file_size: 268435456
2021/12/17-10:42:30.042294 7ff4c24d7700                Options.blob_compression_type: NoCompression
2021/12/17-10:42:30.042295 7ff4c24d7700       Options.enable_blob_garbage_collection: false
2021/12/17-10:42:30.042296 7ff4c24d7700   Options.blob_garbage_collection_age_cutoff: 0.250000
2021/12/17-10:42:30.052520 7ff4c24d7700 [/version_set.cc:4675] Recovered from manifest file:/home/ubuntu/Documents/hivemq-ce-2021.3/data/persistence/retained_messages/040500_R/retained_messages_17/MANIFEST-000001 succeeded,manifest_file_number is 1, next_file_number is 3, last_sequence is 0, log_number is 0,prev_log_number is 0,max_column_family is 0,min_log_number_to_keep is 0
2021/12/17-10:42:30.052524 7ff4c24d7700 [/version_set.cc:4684] Column family [default] (ID 0), log number is 0
2021/12/17-10:42:30.052589 7ff4c24d7700 [/version_set.cc:4119] Creating manifest 4
2021/12/17-10:42:30.188101 7ff4c24d7700 [/db_impl/db_impl_open.cc:1757] SstFileManager instance 0x7ff49423eb60
2021/12/17-10:42:30.188119 7ff4c24d7700 DB pointer 0x7ff49423ef40
2021/12/17-10:50:52.347671 7ff4c22d5700 [/db_impl/db_impl.cc:463] Shutdown: canceling all background work
2021/12/17-10:50:52.347780 7ff4c22d5700 [/db_impl/db_impl.cc:642] Shutdown complete
