2021/12/17-10:42:30.274594 7ff4c1fd2700 RocksDB version: 6.20.3
2021/12/17-10:42:30.274616 7ff4c1fd2700 Compile date 2021-05-07 11:24:03
2021/12/17-10:42:30.274642 7ff4c1fd2700 DB SUMMARY
2021/12/17-10:42:30.274644 7ff4c1fd2700 DB Session ID:  Q72TKP31JYJFSUYDX11T
2021/12/17-10:42:30.274677 7ff4c1fd2700 SST files in /home/ubuntu/Documents/hivemq-ce-2021.3/data/persistence/retained_messages/040500_R/retained_messages_42 dir, Total Num: 0, files: 
2021/12/17-10:42:30.274679 7ff4c1fd2700 Write Ahead Log file in /home/ubuntu/Documents/hivemq-ce-2021.3/data/persistence/retained_messages/040500_R/retained_messages_42: 
2021/12/17-10:42:30.274681 7ff4c1fd2700                         Options.error_if_exists: 0
2021/12/17-10:42:30.274682 7ff4c1fd2700                       Options.create_if_missing: 1
2021/12/17-10:42:30.274683 7ff4c1fd2700                         Options.paranoid_checks: 1
2021/12/17-10:42:30.274684 7ff4c1fd2700                               Options.track_and_verify_wals_in_manifest: 0
2021/12/17-10:42:30.274685 7ff4c1fd2700                                     Options.env: 0x7ff4c35b80a0
2021/12/17-10:42:30.274686 7ff4c1fd2700                                      Options.fs: Posix File System
2021/12/17-10:42:30.274687 7ff4c1fd2700                                Options.info_log: 0x7ff4a82bebf0
2021/12/17-10:42:30.274687 7ff4c1fd2700                Options.max_file_opening_threads: 16
2021/12/17-10:42:30.274688 7ff4c1fd2700                              Options.statistics: 0x7ff4a0003190
2021/12/17-10:42:30.274689 7ff4c1fd2700                               Options.use_fsync: 0
2021/12/17-10:42:30.274690 7ff4c1fd2700                       Options.max_log_file_size: 512000
2021/12/17-10:42:30.274691 7ff4c1fd2700                  Options.max_manifest_file_size: 1073741824
2021/12/17-10:42:30.274692 7ff4c1fd2700                   Options.log_file_time_to_roll: 0
2021/12/17-10:42:30.274693 7ff4c1fd2700                       Options.keep_log_file_num: 2
2021/12/17-10:42:30.274693 7ff4c1fd2700                    Options.recycle_log_file_num: 0
2021/12/17-10:42:30.274694 7ff4c1fd2700                         Options.allow_fallocate: 1
2021/12/17-10:42:30.274695 7ff4c1fd2700                        Options.allow_mmap_reads: 0
2021/12/17-10:42:30.274696 7ff4c1fd2700                       Options.allow_mmap_writes: 0
2021/12/17-10:42:30.274697 7ff4c1fd2700                        Options.use_direct_reads: 0
2021/12/17-10:42:30.274698 7ff4c1fd2700                        Options.use_direct_io_for_flush_and_compaction: 0
2021/12/17-10:42:30.274698 7ff4c1fd2700          Options.create_missing_column_families: 0
2021/12/17-10:42:30.274699 7ff4c1fd2700                              Options.db_log_dir: 
2021/12/17-10:42:30.274700 7ff4c1fd2700                                 Options.wal_dir: /home/ubuntu/Documents/hivemq-ce-2021.3/data/persistence/retained_messages/040500_R/retained_messages_42
2021/12/17-10:42:30.274701 7ff4c1fd2700                Options.table_cache_numshardbits: 6
2021/12/17-10:42:30.274702 7ff4c1fd2700                         Options.WAL_ttl_seconds: 0
2021/12/17-10:42:30.274703 7ff4c1fd2700                       Options.WAL_size_limit_MB: 0
2021/12/17-10:42:30.274703 7ff4c1fd2700                        Options.max_write_batch_group_size_bytes: 1048576
2021/12/17-10:42:30.274704 7ff4c1fd2700             Options.manifest_preallocation_size: 4194304
2021/12/17-10:42:30.274705 7ff4c1fd2700                     Options.is_fd_close_on_exec: 1
2021/12/17-10:42:30.274706 7ff4c1fd2700                   Options.advise_random_on_open: 1
2021/12/17-10:42:30.274707 7ff4c1fd2700                    Options.db_write_buffer_size: 0
2021/12/17-10:42:30.274707 7ff4c1fd2700                    Options.write_buffer_manager: 0x7ff4a83b6f30
2021/12/17-10:42:30.274708 7ff4c1fd2700         Options.access_hint_on_compaction_start: 1
2021/12/17-10:42:30.274709 7ff4c1fd2700  Options.new_table_reader_for_compaction_inputs: 0
2021/12/17-10:42:30.274710 7ff4c1fd2700           Options.random_access_max_buffer_size: 1048576
2021/12/17-10:42:30.274711 7ff4c1fd2700                      Options.use_adaptive_mutex: 0
2021/12/17-10:42:30.274720 7ff4c1fd2700                            Options.rate_limiter: (nil)
2021/12/17-10:42:30.274721 7ff4c1fd2700     Options.sst_file_manager.rate_bytes_per_sec: 0
2021/12/17-10:42:30.274722 7ff4c1fd2700                       Options.wal_recovery_mode: 2
2021/12/17-10:42:30.274722 7ff4c1fd2700                  Options.enable_thread_tracking: 0
2021/12/17-10:42:30.274723 7ff4c1fd2700                  Options.enable_pipelined_write: 0
2021/12/17-10:42:30.274724 7ff4c1fd2700                  Options.unordered_write: 0
2021/12/17-10:42:30.274725 7ff4c1fd2700         Options.allow_concurrent_memtable_write: 1
2021/12/17-10:42:30.274726 7ff4c1fd2700      Options.enable_write_thread_adaptive_yield: 1
2021/12/17-10:42:30.274726 7ff4c1fd2700             Options.write_thread_max_yield_usec: 100
2021/12/17-10:42:30.274727 7ff4c1fd2700            Options.write_thread_slow_yield_usec: 3
2021/12/17-10:42:30.274728 7ff4c1fd2700                               Options.row_cache: None
2021/12/17-10:42:30.274729 7ff4c1fd2700                              Options.wal_filter: None
2021/12/17-10:42:30.274730 7ff4c1fd2700             Options.avoid_flush_during_recovery: 0
2021/12/17-10:42:30.274730 7ff4c1fd2700             Options.allow_ingest_behind: 0
2021/12/17-10:42:30.274731 7ff4c1fd2700             Options.preserve_deletes: 0
2021/12/17-10:42:30.274732 7ff4c1fd2700             Options.two_write_queues: 0
2021/12/17-10:42:30.274733 7ff4c1fd2700             Options.manual_wal_flush: 0
2021/12/17-10:42:30.274734 7ff4c1fd2700             Options.atomic_flush: 0
2021/12/17-10:42:30.274735 7ff4c1fd2700             Options.avoid_unnecessary_blocking_io: 0
2021/12/17-10:42:30.274735 7ff4c1fd2700                 Options.persist_stats_to_disk: 0
2021/12/17-10:42:30.274736 7ff4c1fd2700                 Options.write_dbid_to_manifest: 0
2021/12/17-10:42:30.274737 7ff4c1fd2700                 Options.log_readahead_size: 0
2021/12/17-10:42:30.274738 7ff4c1fd2700                 Options.file_checksum_gen_factory: Unknown
2021/12/17-10:42:30.274739 7ff4c1fd2700                 Options.best_efforts_recovery: 0
2021/12/17-10:42:30.274739 7ff4c1fd2700                Options.max_bgerror_resume_count: 2147483647
2021/12/17-10:42:30.274740 7ff4c1fd2700            Options.bgerror_resume_retry_interval: 1000000
2021/12/17-10:42:30.274741 7ff4c1fd2700             Options.allow_data_in_errors: 0
2021/12/17-10:42:30.274742 7ff4c1fd2700             Options.db_host_id: __hostname__
2021/12/17-10:42:30.274743 7ff4c1fd2700             Options.max_background_jobs: 2
2021/12/17-10:42:30.274744 7ff4c1fd2700             Options.max_background_compactions: -1
2021/12/17-10:42:30.274745 7ff4c1fd2700             Options.max_subcompactions: 1
2021/12/17-10:42:30.274745 7ff4c1fd2700             Options.avoid_flush_during_shutdown: 0
2021/12/17-10:42:30.274746 7ff4c1fd2700           Options.writable_file_max_buffer_size: 1048576
2021/12/17-10:42:30.274747 7ff4c1fd2700             Options.delayed_write_rate : 16777216
2021/12/17-10:42:30.274748 7ff4c1fd2700             Options.max_total_wal_size: 0
2021/12/17-10:42:30.274749 7ff4c1fd2700             Options.delete_obsolete_files_period_micros: 21600000000
2021/12/17-10:42:30.274750 7ff4c1fd2700                   Options.stats_dump_period_sec: 0
2021/12/17-10:42:30.274751 7ff4c1fd2700                 Options.stats_persist_period_sec: 0
2021/12/17-10:42:30.274751 7ff4c1fd2700                 Options.stats_history_buffer_size: 65536
2021/12/17-10:42:30.274752 7ff4c1fd2700                          Options.max_open_files: -1
2021/12/17-10:42:30.274753 7ff4c1fd2700                          Options.bytes_per_sync: 0
2021/12/17-10:42:30.274754 7ff4c1fd2700                      Options.wal_bytes_per_sync: 0
2021/12/17-10:42:30.274755 7ff4c1fd2700                   Options.strict_bytes_per_sync: 0
2021/12/17-10:42:30.274755 7ff4c1fd2700       Options.compaction_readahead_size: 0
2021/12/17-10:42:30.274756 7ff4c1fd2700                  Options.max_background_flushes: -1
2021/12/17-10:42:30.274757 7ff4c1fd2700 Compression algorithms supported:
2021/12/17-10:42:30.274763 7ff4c1fd2700 	kZSTDNotFinalCompression supported: 1
2021/12/17-10:42:30.274764 7ff4c1fd2700 	kZSTD supported: 1
2021/12/17-10:42:30.274765 7ff4c1fd2700 	kXpressCompression supported: 0
2021/12/17-10:42:30.274766 7ff4c1fd2700 	kLZ4HCCompression supported: 1
2021/12/17-10:42:30.274766 7ff4c1fd2700 	kLZ4Compression supported: 1
2021/12/17-10:42:30.274767 7ff4c1fd2700 	kBZip2Compression supported: 1
2021/12/17-10:42:30.274768 7ff4c1fd2700 	kZlibCompression supported: 1
2021/12/17-10:42:30.274769 7ff4c1fd2700 	kSnappyCompression supported: 1
2021/12/17-10:42:30.274770 7ff4c1fd2700 Fast CRC32 supported: Not supported on x86
2021/12/17-10:42:30.309169 7ff4c1fd2700 [/db_impl/db_impl_open.cc:285] Creating manifest 1 
2021/12/17-10:42:30.382408 7ff4c1fd2700 [/version_set.cc:4627] Recovering from manifest file: /home/ubuntu/Documents/hivemq-ce-2021.3/data/persistence/retained_messages/040500_R/retained_messages_42/MANIFEST-000001
2021/12/17-10:42:30.382525 7ff4c1fd2700 [/column_family.cc:598] --------------- Options for column family [default]:
2021/12/17-10:42:30.382529 7ff4c1fd2700               Options.comparator: leveldb.BytewiseComparator
2021/12/17-10:42:30.382530 7ff4c1fd2700           Options.merge_operator: None
2021/12/17-10:42:30.382531 7ff4c1fd2700        Options.compaction_filter: None
2021/12/17-10:42:30.382532 7ff4c1fd2700        Options.compaction_filter_factory: None
2021/12/17-10:42:30.382533 7ff4c1fd2700  Options.sst_partitioner_factory: None
2021/12/17-10:42:30.382533 7ff4c1fd2700         Options.memtable_factory: SkipListFactory
2021/12/17-10:42:30.382534 7ff4c1fd2700            Options.table_factory: BlockBasedTable
2021/12/17-10:42:30.382553 7ff4c1fd2700            table_factory options:   flush_block_policy_factory: FlushBlockBySizePolicyFactory (0x7ff4a006ca20)
  cache_index_and_filter_blocks: 0
  cache_index_and_filter_blocks_with_high_priority: 1
  pin_l0_filter_and_index_blocks_in_cache: 0
  pin_top_level_index_and_filter: 1
  index_type: 0
  data_block_index_type: 0
  index_shortening: 1
  data_block_hash_table_util_ratio: 0.750000
  hash_index_allow_collision: 1
  checksum: 1
  no_block_cache: 0
  block_cache: 0x7ff4a006c9a0
  block_cache_name: LRUCache
  block_cache_options:
    capacity : 128753152
    num_shard_bits : 6
    strict_capacity_limit : 0
    memory_allocator : None
    high_pri_pool_ratio: 0.000
  block_cache_compressed: (nil)
  persistent_cache: (nil)
  block_size: 32768
  block_size_deviation: 10
  block_restart_interval: 16
  index_block_restart_interval: 1
  metadata_block_size: 4096
  partition_filters: 0
  use_delta_encoding: 1
  filter_policy: nullptr
  whole_key_filtering: 1
  verify_compression: 0
  read_amp_bytes_per_bit: 0
  format_version: 5
  enable_index_compression: 1
  block_align: 0
2021/12/17-10:42:30.382555 7ff4c1fd2700        Options.write_buffer_size: 4023536
2021/12/17-10:42:30.382556 7ff4c1fd2700  Options.max_write_buffer_number: 2
2021/12/17-10:42:30.382557 7ff4c1fd2700          Options.compression: Snappy
2021/12/17-10:42:30.382558 7ff4c1fd2700                  Options.bottommost_compression: Disabled
2021/12/17-10:42:30.382558 7ff4c1fd2700       Options.prefix_extractor: nullptr
2021/12/17-10:42:30.382559 7ff4c1fd2700   Options.memtable_insert_with_hint_prefix_extractor: nullptr
2021/12/17-10:42:30.382560 7ff4c1fd2700             Options.num_levels: 7
2021/12/17-10:42:30.382561 7ff4c1fd2700        Options.min_write_buffer_number_to_merge: 1
2021/12/17-10:42:30.382562 7ff4c1fd2700     Options.max_write_buffer_number_to_maintain: 0
2021/12/17-10:42:30.382562 7ff4c1fd2700     Options.max_write_buffer_size_to_maintain: 0
2021/12/17-10:42:30.382563 7ff4c1fd2700            Options.bottommost_compression_opts.window_bits: -14
2021/12/17-10:42:30.382564 7ff4c1fd2700                  Options.bottommost_compression_opts.level: 32767
2021/12/17-10:42:30.382565 7ff4c1fd2700               Options.bottommost_compression_opts.strategy: 0
2021/12/17-10:42:30.382566 7ff4c1fd2700         Options.bottommost_compression_opts.max_dict_bytes: 0
2021/12/17-10:42:30.382602 7ff4c1fd2700         Options.bottommost_compression_opts.zstd_max_train_bytes: 0
2021/12/17-10:42:30.382605 7ff4c1fd2700         Options.bottommost_compression_opts.parallel_threads: 1
2021/12/17-10:42:30.382606 7ff4c1fd2700                  Options.bottommost_compression_opts.enabled: false
2021/12/17-10:42:30.382607 7ff4c1fd2700         Options.bottommost_compression_opts.max_dict_buffer_bytes: 0
2021/12/17-10:42:30.382607 7ff4c1fd2700            Options.compression_opts.window_bits: -14
2021/12/17-10:42:30.382608 7ff4c1fd2700                  Options.compression_opts.level: 32767
2021/12/17-10:42:30.382609 7ff4c1fd2700               Options.compression_opts.strategy: 0
2021/12/17-10:42:30.382610 7ff4c1fd2700         Options.compression_opts.max_dict_bytes: 0
2021/12/17-10:42:30.382611 7ff4c1fd2700         Options.compression_opts.zstd_max_train_bytes: 0
2021/12/17-10:42:30.382612 7ff4c1fd2700         Options.compression_opts.parallel_threads: 1
2021/12/17-10:42:30.382612 7ff4c1fd2700                  Options.compression_opts.enabled: false
2021/12/17-10:42:30.382613 7ff4c1fd2700         Options.compression_opts.max_dict_buffer_bytes: 0
2021/12/17-10:42:30.382614 7ff4c1fd2700      Options.level0_file_num_compaction_trigger: 4
2021/12/17-10:42:30.382615 7ff4c1fd2700          Options.level0_slowdown_writes_trigger: 20
2021/12/17-10:42:30.382616 7ff4c1fd2700              Options.level0_stop_writes_trigger: 36
2021/12/17-10:42:30.382616 7ff4c1fd2700                   Options.target_file_size_base: 67108864
2021/12/17-10:42:30.382617 7ff4c1fd2700             Options.target_file_size_multiplier: 1
2021/12/17-10:42:30.382618 7ff4c1fd2700                Options.max_bytes_for_level_base: 268435456
2021/12/17-10:42:30.382619 7ff4c1fd2700 Options.level_compaction_dynamic_level_bytes: 0
2021/12/17-10:42:30.382621 7ff4c1fd2700          Options.max_bytes_for_level_multiplier: 10.000000
2021/12/17-10:42:30.382622 7ff4c1fd2700 Options.max_bytes_for_level_multiplier_addtl[0]: 1
2021/12/17-10:42:30.382623 7ff4c1fd2700 Options.max_bytes_for_level_multiplier_addtl[1]: 1
2021/12/17-10:42:30.382624 7ff4c1fd2700 Options.max_bytes_for_level_multiplier_addtl[2]: 1
2021/12/17-10:42:30.382625 7ff4c1fd2700 Options.max_bytes_for_level_multiplier_addtl[3]: 1
2021/12/17-10:42:30.382626 7ff4c1fd2700 Options.max_bytes_for_level_multiplier_addtl[4]: 1
2021/12/17-10:42:30.382626 7ff4c1fd2700 Options.max_bytes_for_level_multiplier_addtl[5]: 1
2021/12/17-10:42:30.382627 7ff4c1fd2700 Options.max_bytes_for_level_multiplier_addtl[6]: 1
2021/12/17-10:42:30.382628 7ff4c1fd2700       Options.max_sequential_skip_in_iterations: 8
2021/12/17-10:42:30.382629 7ff4c1fd2700                    Options.max_compaction_bytes: 1677721600
2021/12/17-10:42:30.382630 7ff4c1fd2700                        Options.arena_block_size: 503808
2021/12/17-10:42:30.382631 7ff4c1fd2700   Options.soft_pending_compaction_bytes_limit: 68719476736
2021/12/17-10:42:30.382632 7ff4c1fd2700   Options.hard_pending_compaction_bytes_limit: 274877906944
2021/12/17-10:42:30.382632 7ff4c1fd2700       Options.rate_limit_delay_max_milliseconds: 100
2021/12/17-10:42:30.382633 7ff4c1fd2700                Options.disable_auto_compactions: 0
2021/12/17-10:42:30.382635 7ff4c1fd2700                        Options.compaction_style: kCompactionStyleLevel
2021/12/17-10:42:30.382636 7ff4c1fd2700                          Options.compaction_pri: kMinOverlappingRatio
2021/12/17-10:42:30.382636 7ff4c1fd2700 Options.compaction_options_universal.size_ratio: 1
2021/12/17-10:42:30.382637 7ff4c1fd2700 Options.compaction_options_universal.min_merge_width: 2
2021/12/17-10:42:30.382638 7ff4c1fd2700 Options.compaction_options_universal.max_merge_width: 4294967295
2021/12/17-10:42:30.382639 7ff4c1fd2700 Options.compaction_options_universal.max_size_amplification_percent: 200
2021/12/17-10:42:30.382640 7ff4c1fd2700 Options.compaction_options_universal.compression_size_percent: -1
2021/12/17-10:42:30.382641 7ff4c1fd2700 Options.compaction_options_universal.stop_style: kCompactionStopStyleTotalSize
2021/12/17-10:42:30.382651 7ff4c1fd2700 Options.compaction_options_fifo.max_table_files_size: 1073741824
2021/12/17-10:42:30.382652 7ff4c1fd2700 Options.compaction_options_fifo.allow_compaction: 0
2021/12/17-10:42:30.382657 7ff4c1fd2700                   Options.table_properties_collectors: 
2021/12/17-10:42:30.382660 7ff4c1fd2700                   Options.inplace_update_support: 0
2021/12/17-10:42:30.382661 7ff4c1fd2700                 Options.inplace_update_num_locks: 10000
2021/12/17-10:42:30.382663 7ff4c1fd2700               Options.memtable_prefix_bloom_size_ratio: 0.000000
2021/12/17-10:42:30.382663 7ff4c1fd2700               Options.memtable_whole_key_filtering: 0
2021/12/17-10:42:30.382664 7ff4c1fd2700   Options.memtable_huge_page_size: 0
2021/12/17-10:42:30.382665 7ff4c1fd2700                           Options.bloom_locality: 0
2021/12/17-10:42:30.382666 7ff4c1fd2700                    Options.max_successive_merges: 0
2021/12/17-10:42:30.382667 7ff4c1fd2700                Options.optimize_filters_for_hits: 0
2021/12/17-10:42:30.382667 7ff4c1fd2700                Options.paranoid_file_checks: 0
2021/12/17-10:42:30.382668 7ff4c1fd2700                Options.force_consistency_checks: 1
2021/12/17-10:42:30.382669 7ff4c1fd2700                Options.report_bg_io_stats: 0
2021/12/17-10:42:30.382670 7ff4c1fd2700                               Options.ttl: 2592000
2021/12/17-10:42:30.382671 7ff4c1fd2700          Options.periodic_compaction_seconds: 0
2021/12/17-10:42:30.382672 7ff4c1fd2700                    Options.enable_blob_files: false
2021/12/17-10:42:30.382672 7ff4c1fd2700                        Options.min_blob_size: 0
2021/12/17-10:42:30.382673 7ff4c1fd2700                       Options.blob_file_size: 268435456
2021/12/17-10:42:30.382674 7ff4c1fd2700                Options.blob_compression_type: NoCompression
2021/12/17-10:42:30.382675 7ff4c1fd2700       Options.enable_blob_garbage_collection: false
2021/12/17-10:42:30.382676 7ff4c1fd2700   Options.blob_garbage_collection_age_cutoff: 0.250000
2021/12/17-10:42:30.386157 7ff4c1fd2700 [/version_set.cc:4675] Recovered from manifest file:/home/ubuntu/Documents/hivemq-ce-2021.3/data/persistence/retained_messages/040500_R/retained_messages_42/MANIFEST-000001 succeeded,manifest_file_number is 1, next_file_number is 3, last_sequence is 0, log_number is 0,prev_log_number is 0,max_column_family is 0,min_log_number_to_keep is 0
2021/12/17-10:42:30.386164 7ff4c1fd2700 [/version_set.cc:4684] Column family [default] (ID 0), log number is 0
2021/12/17-10:42:30.386247 7ff4c1fd2700 [/version_set.cc:4119] Creating manifest 4
2021/12/17-10:42:30.495696 7ff4c1fd2700 [/db_impl/db_impl_open.cc:1757] SstFileManager instance 0x7ff4a82fc150
2021/12/17-10:42:30.495714 7ff4c1fd2700 DB pointer 0x7ff4a83b50c0
2021/12/17-10:50:52.325834 7ff4c22d5700 [/db_impl/db_impl.cc:463] Shutdown: canceling all background work
2021/12/17-10:50:52.345040 7ff4c22d5700 [/db_impl/db_impl.cc:642] Shutdown complete
