2021/12/17-10:42:29.727514 7ff4c20d3700 RocksDB version: 6.20.3
2021/12/17-10:42:29.727539 7ff4c20d3700 Compile date 2021-05-07 11:24:03
2021/12/17-10:42:29.727569 7ff4c20d3700 DB SUMMARY
2021/12/17-10:42:29.727570 7ff4c20d3700 DB Session ID:  2ST896A1IB9BYAB3RKD8
2021/12/17-10:42:29.727582 7ff4c20d3700 SST files in /home/ubuntu/Documents/hivemq-ce-2021.3/data/persistence/retained_messages/040500_R/retained_messages_5 dir, Total Num: 0, files: 
2021/12/17-10:42:29.727584 7ff4c20d3700 Write Ahead Log file in /home/ubuntu/Documents/hivemq-ce-2021.3/data/persistence/retained_messages/040500_R/retained_messages_5: 
2021/12/17-10:42:29.727585 7ff4c20d3700                         Options.error_if_exists: 0
2021/12/17-10:42:29.727586 7ff4c20d3700                       Options.create_if_missing: 1
2021/12/17-10:42:29.727587 7ff4c20d3700                         Options.paranoid_checks: 1
2021/12/17-10:42:29.727588 7ff4c20d3700                               Options.track_and_verify_wals_in_manifest: 0
2021/12/17-10:42:29.727589 7ff4c20d3700                                     Options.env: 0x7ff4c35b80a0
2021/12/17-10:42:29.727590 7ff4c20d3700                                      Options.fs: Posix File System
2021/12/17-10:42:29.727591 7ff4c20d3700                                Options.info_log: 0x7ff49c1fcbb0
2021/12/17-10:42:29.727591 7ff4c20d3700                Options.max_file_opening_threads: 16
2021/12/17-10:42:29.727592 7ff4c20d3700                              Options.statistics: 0x7ff4a0003190
2021/12/17-10:42:29.727593 7ff4c20d3700                               Options.use_fsync: 0
2021/12/17-10:42:29.727594 7ff4c20d3700                       Options.max_log_file_size: 512000
2021/12/17-10:42:29.727595 7ff4c20d3700                  Options.max_manifest_file_size: 1073741824
2021/12/17-10:42:29.727596 7ff4c20d3700                   Options.log_file_time_to_roll: 0
2021/12/17-10:42:29.727596 7ff4c20d3700                       Options.keep_log_file_num: 2
2021/12/17-10:42:29.727597 7ff4c20d3700                    Options.recycle_log_file_num: 0
2021/12/17-10:42:29.727598 7ff4c20d3700                         Options.allow_fallocate: 1
2021/12/17-10:42:29.727599 7ff4c20d3700                        Options.allow_mmap_reads: 0
2021/12/17-10:42:29.727600 7ff4c20d3700                       Options.allow_mmap_writes: 0
2021/12/17-10:42:29.727601 7ff4c20d3700                        Options.use_direct_reads: 0
2021/12/17-10:42:29.727601 7ff4c20d3700                        Options.use_direct_io_for_flush_and_compaction: 0
2021/12/17-10:42:29.727602 7ff4c20d3700          Options.create_missing_column_families: 0
2021/12/17-10:42:29.727603 7ff4c20d3700                              Options.db_log_dir: 
2021/12/17-10:42:29.727604 7ff4c20d3700                                 Options.wal_dir: /home/ubuntu/Documents/hivemq-ce-2021.3/data/persistence/retained_messages/040500_R/retained_messages_5
2021/12/17-10:42:29.727605 7ff4c20d3700                Options.table_cache_numshardbits: 6
2021/12/17-10:42:29.727606 7ff4c20d3700                         Options.WAL_ttl_seconds: 0
2021/12/17-10:42:29.727606 7ff4c20d3700                       Options.WAL_size_limit_MB: 0
2021/12/17-10:42:29.727607 7ff4c20d3700                        Options.max_write_batch_group_size_bytes: 1048576
2021/12/17-10:42:29.727608 7ff4c20d3700             Options.manifest_preallocation_size: 4194304
2021/12/17-10:42:29.727609 7ff4c20d3700                     Options.is_fd_close_on_exec: 1
2021/12/17-10:42:29.727610 7ff4c20d3700                   Options.advise_random_on_open: 1
2021/12/17-10:42:29.727611 7ff4c20d3700                    Options.db_write_buffer_size: 0
2021/12/17-10:42:29.727612 7ff4c20d3700                    Options.write_buffer_manager: 0x7ff49c2e15c0
2021/12/17-10:42:29.727612 7ff4c20d3700         Options.access_hint_on_compaction_start: 1
2021/12/17-10:42:29.727613 7ff4c20d3700  Options.new_table_reader_for_compaction_inputs: 0
2021/12/17-10:42:29.727614 7ff4c20d3700           Options.random_access_max_buffer_size: 1048576
2021/12/17-10:42:29.727615 7ff4c20d3700                      Options.use_adaptive_mutex: 0
2021/12/17-10:42:29.727616 7ff4c20d3700                            Options.rate_limiter: (nil)
2021/12/17-10:42:29.730002 7ff4c20d3700     Options.sst_file_manager.rate_bytes_per_sec: 0
2021/12/17-10:42:29.730005 7ff4c20d3700                       Options.wal_recovery_mode: 2
2021/12/17-10:42:29.730006 7ff4c20d3700                  Options.enable_thread_tracking: 0
2021/12/17-10:42:29.730007 7ff4c20d3700                  Options.enable_pipelined_write: 0
2021/12/17-10:42:29.730007 7ff4c20d3700                  Options.unordered_write: 0
2021/12/17-10:42:29.730009 7ff4c20d3700         Options.allow_concurrent_memtable_write: 1
2021/12/17-10:42:29.730009 7ff4c20d3700      Options.enable_write_thread_adaptive_yield: 1
2021/12/17-10:42:29.730010 7ff4c20d3700             Options.write_thread_max_yield_usec: 100
2021/12/17-10:42:29.730011 7ff4c20d3700            Options.write_thread_slow_yield_usec: 3
2021/12/17-10:42:29.730012 7ff4c20d3700                               Options.row_cache: None
2021/12/17-10:42:29.730013 7ff4c20d3700                              Options.wal_filter: None
2021/12/17-10:42:29.730014 7ff4c20d3700             Options.avoid_flush_during_recovery: 0
2021/12/17-10:42:29.730015 7ff4c20d3700             Options.allow_ingest_behind: 0
2021/12/17-10:42:29.730016 7ff4c20d3700             Options.preserve_deletes: 0
2021/12/17-10:42:29.730017 7ff4c20d3700             Options.two_write_queues: 0
2021/12/17-10:42:29.730018 7ff4c20d3700             Options.manual_wal_flush: 0
2021/12/17-10:42:29.730019 7ff4c20d3700             Options.atomic_flush: 0
2021/12/17-10:42:29.730019 7ff4c20d3700             Options.avoid_unnecessary_blocking_io: 0
2021/12/17-10:42:29.730020 7ff4c20d3700                 Options.persist_stats_to_disk: 0
2021/12/17-10:42:29.730021 7ff4c20d3700                 Options.write_dbid_to_manifest: 0
2021/12/17-10:42:29.730022 7ff4c20d3700                 Options.log_readahead_size: 0
2021/12/17-10:42:29.730023 7ff4c20d3700                 Options.file_checksum_gen_factory: Unknown
2021/12/17-10:42:29.730024 7ff4c20d3700                 Options.best_efforts_recovery: 0
2021/12/17-10:42:29.730110 7ff4c20d3700                Options.max_bgerror_resume_count: 2147483647
2021/12/17-10:42:29.730112 7ff4c20d3700            Options.bgerror_resume_retry_interval: 1000000
2021/12/17-10:42:29.730113 7ff4c20d3700             Options.allow_data_in_errors: 0
2021/12/17-10:42:29.730114 7ff4c20d3700             Options.db_host_id: __hostname__
2021/12/17-10:42:29.730115 7ff4c20d3700             Options.max_background_jobs: 2
2021/12/17-10:42:29.730117 7ff4c20d3700             Options.max_background_compactions: -1
2021/12/17-10:42:29.730118 7ff4c20d3700             Options.max_subcompactions: 1
2021/12/17-10:42:29.730119 7ff4c20d3700             Options.avoid_flush_during_shutdown: 0
2021/12/17-10:42:29.730120 7ff4c20d3700           Options.writable_file_max_buffer_size: 1048576
2021/12/17-10:42:29.730121 7ff4c20d3700             Options.delayed_write_rate : 16777216
2021/12/17-10:42:29.730122 7ff4c20d3700             Options.max_total_wal_size: 0
2021/12/17-10:42:29.730123 7ff4c20d3700             Options.delete_obsolete_files_period_micros: 21600000000
2021/12/17-10:42:29.730124 7ff4c20d3700                   Options.stats_dump_period_sec: 0
2021/12/17-10:42:29.730124 7ff4c20d3700                 Options.stats_persist_period_sec: 0
2021/12/17-10:42:29.730125 7ff4c20d3700                 Options.stats_history_buffer_size: 65536
2021/12/17-10:42:29.730126 7ff4c20d3700                          Options.max_open_files: -1
2021/12/17-10:42:29.730127 7ff4c20d3700                          Options.bytes_per_sync: 0
2021/12/17-10:42:29.730128 7ff4c20d3700                      Options.wal_bytes_per_sync: 0
2021/12/17-10:42:29.730129 7ff4c20d3700                   Options.strict_bytes_per_sync: 0
2021/12/17-10:42:29.730130 7ff4c20d3700       Options.compaction_readahead_size: 0
2021/12/17-10:42:29.730131 7ff4c20d3700                  Options.max_background_flushes: -1
2021/12/17-10:42:29.730132 7ff4c20d3700 Compression algorithms supported:
2021/12/17-10:42:29.730145 7ff4c20d3700 	kZSTDNotFinalCompression supported: 1
2021/12/17-10:42:29.730146 7ff4c20d3700 	kZSTD supported: 1
2021/12/17-10:42:29.730147 7ff4c20d3700 	kXpressCompression supported: 0
2021/12/17-10:42:29.730148 7ff4c20d3700 	kLZ4HCCompression supported: 1
2021/12/17-10:42:29.730149 7ff4c20d3700 	kLZ4Compression supported: 1
2021/12/17-10:42:29.730150 7ff4c20d3700 	kBZip2Compression supported: 1
2021/12/17-10:42:29.730151 7ff4c20d3700 	kZlibCompression supported: 1
2021/12/17-10:42:29.730153 7ff4c20d3700 	kSnappyCompression supported: 1
2021/12/17-10:42:29.730155 7ff4c20d3700 Fast CRC32 supported: Not supported on x86
2021/12/17-10:42:29.775698 7ff4c20d3700 [/db_impl/db_impl_open.cc:285] Creating manifest 1 
2021/12/17-10:42:29.841668 7ff4c20d3700 [/version_set.cc:4627] Recovering from manifest file: /home/ubuntu/Documents/hivemq-ce-2021.3/data/persistence/retained_messages/040500_R/retained_messages_5/MANIFEST-000001
2021/12/17-10:42:29.844162 7ff4c20d3700 [/column_family.cc:598] --------------- Options for column family [default]:
2021/12/17-10:42:29.844167 7ff4c20d3700               Options.comparator: leveldb.BytewiseComparator
2021/12/17-10:42:29.844168 7ff4c20d3700           Options.merge_operator: None
2021/12/17-10:42:29.844169 7ff4c20d3700        Options.compaction_filter: None
2021/12/17-10:42:29.844170 7ff4c20d3700        Options.compaction_filter_factory: None
2021/12/17-10:42:29.844171 7ff4c20d3700  Options.sst_partitioner_factory: None
2021/12/17-10:42:29.844172 7ff4c20d3700         Options.memtable_factory: SkipListFactory
2021/12/17-10:42:29.844173 7ff4c20d3700            Options.table_factory: BlockBasedTable
2021/12/17-10:42:29.844193 7ff4c20d3700            table_factory options:   flush_block_policy_factory: FlushBlockBySizePolicyFactory (0x7ff4a006ca20)
  cache_index_and_filter_blocks: 0
  cache_index_and_filter_blocks_with_high_priority: 1
  pin_l0_filter_and_index_blocks_in_cache: 0
  pin_top_level_index_and_filter: 1
  index_type: 0
  data_block_index_type: 0
  index_shortening: 1
  data_block_hash_table_util_ratio: 0.750000
  hash_index_allow_collision: 1
  checksum: 1
  no_block_cache: 0
  block_cache: 0x7ff4a006c9a0
  block_cache_name: LRUCache
  block_cache_options:
    capacity : 128753152
    num_shard_bits : 6
    strict_capacity_limit : 0
    memory_allocator : None
    high_pri_pool_ratio: 0.000
  block_cache_compressed: (nil)
  persistent_cache: (nil)
  block_size: 32768
  block_size_deviation: 10
  block_restart_interval: 16
  index_block_restart_interval: 1
  metadata_block_size: 4096
  partition_filters: 0
  use_delta_encoding: 1
  filter_policy: nullptr
  whole_key_filtering: 1
  verify_compression: 0
  read_amp_bytes_per_bit: 0
  format_version: 5
  enable_index_compression: 1
  block_align: 0
2021/12/17-10:42:29.844194 7ff4c20d3700        Options.write_buffer_size: 4023536
2021/12/17-10:42:29.844195 7ff4c20d3700  Options.max_write_buffer_number: 2
2021/12/17-10:42:29.844196 7ff4c20d3700          Options.compression: Snappy
2021/12/17-10:42:29.844197 7ff4c20d3700                  Options.bottommost_compression: Disabled
2021/12/17-10:42:29.844198 7ff4c20d3700       Options.prefix_extractor: nullptr
2021/12/17-10:42:29.844199 7ff4c20d3700   Options.memtable_insert_with_hint_prefix_extractor: nullptr
2021/12/17-10:42:29.844200 7ff4c20d3700             Options.num_levels: 7
2021/12/17-10:42:29.844201 7ff4c20d3700        Options.min_write_buffer_number_to_merge: 1
2021/12/17-10:42:29.844202 7ff4c20d3700     Options.max_write_buffer_number_to_maintain: 0
2021/12/17-10:42:29.844203 7ff4c20d3700     Options.max_write_buffer_size_to_maintain: 0
2021/12/17-10:42:29.844204 7ff4c20d3700            Options.bottommost_compression_opts.window_bits: -14
2021/12/17-10:42:29.844205 7ff4c20d3700                  Options.bottommost_compression_opts.level: 32767
2021/12/17-10:42:29.844205 7ff4c20d3700               Options.bottommost_compression_opts.strategy: 0
2021/12/17-10:42:29.844206 7ff4c20d3700         Options.bottommost_compression_opts.max_dict_bytes: 0
2021/12/17-10:42:29.844222 7ff4c20d3700         Options.bottommost_compression_opts.zstd_max_train_bytes: 0
2021/12/17-10:42:29.844223 7ff4c20d3700         Options.bottommost_compression_opts.parallel_threads: 1
2021/12/17-10:42:29.844224 7ff4c20d3700                  Options.bottommost_compression_opts.enabled: false
2021/12/17-10:42:29.844225 7ff4c20d3700         Options.bottommost_compression_opts.max_dict_buffer_bytes: 0
2021/12/17-10:42:29.844226 7ff4c20d3700            Options.compression_opts.window_bits: -14
2021/12/17-10:42:29.844227 7ff4c20d3700                  Options.compression_opts.level: 32767
2021/12/17-10:42:29.844228 7ff4c20d3700               Options.compression_opts.strategy: 0
2021/12/17-10:42:29.844228 7ff4c20d3700         Options.compression_opts.max_dict_bytes: 0
2021/12/17-10:42:29.844229 7ff4c20d3700         Options.compression_opts.zstd_max_train_bytes: 0
2021/12/17-10:42:29.844230 7ff4c20d3700         Options.compression_opts.parallel_threads: 1
2021/12/17-10:42:29.844231 7ff4c20d3700                  Options.compression_opts.enabled: false
2021/12/17-10:42:29.844232 7ff4c20d3700         Options.compression_opts.max_dict_buffer_bytes: 0
2021/12/17-10:42:29.844233 7ff4c20d3700      Options.level0_file_num_compaction_trigger: 4
2021/12/17-10:42:29.844234 7ff4c20d3700          Options.level0_slowdown_writes_trigger: 20
2021/12/17-10:42:29.844234 7ff4c20d3700              Options.level0_stop_writes_trigger: 36
2021/12/17-10:42:29.844235 7ff4c20d3700                   Options.target_file_size_base: 67108864
2021/12/17-10:42:29.844236 7ff4c20d3700             Options.target_file_size_multiplier: 1
2021/12/17-10:42:29.844237 7ff4c20d3700                Options.max_bytes_for_level_base: 268435456
2021/12/17-10:42:29.844238 7ff4c20d3700 Options.level_compaction_dynamic_level_bytes: 0
2021/12/17-10:42:29.844239 7ff4c20d3700          Options.max_bytes_for_level_multiplier: 10.000000
2021/12/17-10:42:29.844241 7ff4c20d3700 Options.max_bytes_for_level_multiplier_addtl[0]: 1
2021/12/17-10:42:29.844242 7ff4c20d3700 Options.max_bytes_for_level_multiplier_addtl[1]: 1
2021/12/17-10:42:29.844242 7ff4c20d3700 Options.max_bytes_for_level_multiplier_addtl[2]: 1
2021/12/17-10:42:29.844243 7ff4c20d3700 Options.max_bytes_for_level_multiplier_addtl[3]: 1
2021/12/17-10:42:29.844244 7ff4c20d3700 Options.max_bytes_for_level_multiplier_addtl[4]: 1
2021/12/17-10:42:29.844245 7ff4c20d3700 Options.max_bytes_for_level_multiplier_addtl[5]: 1
2021/12/17-10:42:29.844246 7ff4c20d3700 Options.max_bytes_for_level_multiplier_addtl[6]: 1
2021/12/17-10:42:29.844248 7ff4c20d3700       Options.max_sequential_skip_in_iterations: 8
2021/12/17-10:42:29.844249 7ff4c20d3700                    Options.max_compaction_bytes: 1677721600
2021/12/17-10:42:29.844250 7ff4c20d3700                        Options.arena_block_size: 503808
2021/12/17-10:42:29.844251 7ff4c20d3700   Options.soft_pending_compaction_bytes_limit: 68719476736
2021/12/17-10:42:29.844252 7ff4c20d3700   Options.hard_pending_compaction_bytes_limit: 274877906944
2021/12/17-10:42:29.844253 7ff4c20d3700       Options.rate_limit_delay_max_milliseconds: 100
2021/12/17-10:42:29.844254 7ff4c20d3700                Options.disable_auto_compactions: 0
2021/12/17-10:42:29.844255 7ff4c20d3700                        Options.compaction_style: kCompactionStyleLevel
2021/12/17-10:42:29.844256 7ff4c20d3700                          Options.compaction_pri: kMinOverlappingRatio
2021/12/17-10:42:29.844257 7ff4c20d3700 Options.compaction_options_universal.size_ratio: 1
2021/12/17-10:42:29.844258 7ff4c20d3700 Options.compaction_options_universal.min_merge_width: 2
2021/12/17-10:42:29.844258 7ff4c20d3700 Options.compaction_options_universal.max_merge_width: 4294967295
2021/12/17-10:42:29.844259 7ff4c20d3700 Options.compaction_options_universal.max_size_amplification_percent: 200
2021/12/17-10:42:29.844260 7ff4c20d3700 Options.compaction_options_universal.compression_size_percent: -1
2021/12/17-10:42:29.844261 7ff4c20d3700 Options.compaction_options_universal.stop_style: kCompactionStopStyleTotalSize
2021/12/17-10:42:29.844267 7ff4c20d3700 Options.compaction_options_fifo.max_table_files_size: 1073741824
2021/12/17-10:42:29.844268 7ff4c20d3700 Options.compaction_options_fifo.allow_compaction: 0
2021/12/17-10:42:29.844273 7ff4c20d3700                   Options.table_properties_collectors: 
2021/12/17-10:42:29.844274 7ff4c20d3700                   Options.inplace_update_support: 0
2021/12/17-10:42:29.844275 7ff4c20d3700                 Options.inplace_update_num_locks: 10000
2021/12/17-10:42:29.844276 7ff4c20d3700               Options.memtable_prefix_bloom_size_ratio: 0.000000
2021/12/17-10:42:29.844277 7ff4c20d3700               Options.memtable_whole_key_filtering: 0
2021/12/17-10:42:29.844278 7ff4c20d3700   Options.memtable_huge_page_size: 0
2021/12/17-10:42:29.844279 7ff4c20d3700                           Options.bloom_locality: 0
2021/12/17-10:42:29.844279 7ff4c20d3700                    Options.max_successive_merges: 0
2021/12/17-10:42:29.844280 7ff4c20d3700                Options.optimize_filters_for_hits: 0
2021/12/17-10:42:29.844281 7ff4c20d3700                Options.paranoid_file_checks: 0
2021/12/17-10:42:29.844282 7ff4c20d3700                Options.force_consistency_checks: 1
2021/12/17-10:42:29.844283 7ff4c20d3700                Options.report_bg_io_stats: 0
2021/12/17-10:42:29.844284 7ff4c20d3700                               Options.ttl: 2592000
2021/12/17-10:42:29.844284 7ff4c20d3700          Options.periodic_compaction_seconds: 0
2021/12/17-10:42:29.844285 7ff4c20d3700                    Options.enable_blob_files: false
2021/12/17-10:42:29.844286 7ff4c20d3700                        Options.min_blob_size: 0
2021/12/17-10:42:29.844287 7ff4c20d3700                       Options.blob_file_size: 268435456
2021/12/17-10:42:29.844288 7ff4c20d3700                Options.blob_compression_type: NoCompression
2021/12/17-10:42:29.844289 7ff4c20d3700       Options.enable_blob_garbage_collection: false
2021/12/17-10:42:29.844290 7ff4c20d3700   Options.blob_garbage_collection_age_cutoff: 0.250000
2021/12/17-10:42:29.854144 7ff4c20d3700 [/version_set.cc:4675] Recovered from manifest file:/home/ubuntu/Documents/hivemq-ce-2021.3/data/persistence/retained_messages/040500_R/retained_messages_5/MANIFEST-000001 succeeded,manifest_file_number is 1, next_file_number is 3, last_sequence is 0, log_number is 0,prev_log_number is 0,max_column_family is 0,min_log_number_to_keep is 0
2021/12/17-10:42:29.854148 7ff4c20d3700 [/version_set.cc:4684] Column family [default] (ID 0), log number is 0
2021/12/17-10:42:29.854212 7ff4c20d3700 [/version_set.cc:4119] Creating manifest 4
2021/12/17-10:42:29.985392 7ff4c20d3700 [/db_impl/db_impl_open.cc:1757] SstFileManager instance 0x7ff49c2e2530
2021/12/17-10:42:29.985409 7ff4c20d3700 DB pointer 0x7ff49c2d8ee0
2021/12/17-10:50:52.364737 7ff4c1bce700 [/db_impl/db_impl.cc:463] Shutdown: canceling all background work
2021/12/17-10:50:52.364897 7ff4c1bce700 [/db_impl/db_impl.cc:642] Shutdown complete
