2021/12/17-10:42:29.880191 7ff4c21d4700 RocksDB version: 6.20.3
2021/12/17-10:42:29.880220 7ff4c21d4700 Compile date 2021-05-07 11:24:03
2021/12/17-10:42:29.880251 7ff4c21d4700 DB SUMMARY
2021/12/17-10:42:29.880253 7ff4c21d4700 DB Session ID:  LMIXDVWN665T6E52EYRJ
2021/12/17-10:42:29.880266 7ff4c21d4700 SST files in /home/ubuntu/Documents/hivemq-ce-2021.3/data/persistence/retained_messages/040500_R/retained_messages_13 dir, Total Num: 0, files: 
2021/12/17-10:42:29.880268 7ff4c21d4700 Write Ahead Log file in /home/ubuntu/Documents/hivemq-ce-2021.3/data/persistence/retained_messages/040500_R/retained_messages_13: 
2021/12/17-10:42:29.880269 7ff4c21d4700                         Options.error_if_exists: 0
2021/12/17-10:42:29.880270 7ff4c21d4700                       Options.create_if_missing: 1
2021/12/17-10:42:29.880271 7ff4c21d4700                         Options.paranoid_checks: 1
2021/12/17-10:42:29.880272 7ff4c21d4700                               Options.track_and_verify_wals_in_manifest: 0
2021/12/17-10:42:29.880273 7ff4c21d4700                                     Options.env: 0x7ff4c35b80a0
2021/12/17-10:42:29.880274 7ff4c21d4700                                      Options.fs: Posix File System
2021/12/17-10:42:29.880275 7ff4c21d4700                                Options.info_log: 0x7ff4a0161320
2021/12/17-10:42:29.880276 7ff4c21d4700                Options.max_file_opening_threads: 16
2021/12/17-10:42:29.880276 7ff4c21d4700                              Options.statistics: 0x7ff4a0003190
2021/12/17-10:42:29.880277 7ff4c21d4700                               Options.use_fsync: 0
2021/12/17-10:42:29.880278 7ff4c21d4700                       Options.max_log_file_size: 512000
2021/12/17-10:42:29.880279 7ff4c21d4700                  Options.max_manifest_file_size: 1073741824
2021/12/17-10:42:29.880280 7ff4c21d4700                   Options.log_file_time_to_roll: 0
2021/12/17-10:42:29.880281 7ff4c21d4700                       Options.keep_log_file_num: 2
2021/12/17-10:42:29.880282 7ff4c21d4700                    Options.recycle_log_file_num: 0
2021/12/17-10:42:29.880283 7ff4c21d4700                         Options.allow_fallocate: 1
2021/12/17-10:42:29.880283 7ff4c21d4700                        Options.allow_mmap_reads: 0
2021/12/17-10:42:29.880284 7ff4c21d4700                       Options.allow_mmap_writes: 0
2021/12/17-10:42:29.880285 7ff4c21d4700                        Options.use_direct_reads: 0
2021/12/17-10:42:29.880286 7ff4c21d4700                        Options.use_direct_io_for_flush_and_compaction: 0
2021/12/17-10:42:29.880287 7ff4c21d4700          Options.create_missing_column_families: 0
2021/12/17-10:42:29.880288 7ff4c21d4700                              Options.db_log_dir: 
2021/12/17-10:42:29.880288 7ff4c21d4700                                 Options.wal_dir: /home/ubuntu/Documents/hivemq-ce-2021.3/data/persistence/retained_messages/040500_R/retained_messages_13
2021/12/17-10:42:29.880289 7ff4c21d4700                Options.table_cache_numshardbits: 6
2021/12/17-10:42:29.880290 7ff4c21d4700                         Options.WAL_ttl_seconds: 0
2021/12/17-10:42:29.880291 7ff4c21d4700                       Options.WAL_size_limit_MB: 0
2021/12/17-10:42:29.880292 7ff4c21d4700                        Options.max_write_batch_group_size_bytes: 1048576
2021/12/17-10:42:29.880293 7ff4c21d4700             Options.manifest_preallocation_size: 4194304
2021/12/17-10:42:29.880294 7ff4c21d4700                     Options.is_fd_close_on_exec: 1
2021/12/17-10:42:29.880294 7ff4c21d4700                   Options.advise_random_on_open: 1
2021/12/17-10:42:29.880295 7ff4c21d4700                    Options.db_write_buffer_size: 0
2021/12/17-10:42:29.880296 7ff4c21d4700                    Options.write_buffer_manager: 0x7ff4a0197300
2021/12/17-10:42:29.880297 7ff4c21d4700         Options.access_hint_on_compaction_start: 1
2021/12/17-10:42:29.880298 7ff4c21d4700  Options.new_table_reader_for_compaction_inputs: 0
2021/12/17-10:42:29.880298 7ff4c21d4700           Options.random_access_max_buffer_size: 1048576
2021/12/17-10:42:29.880299 7ff4c21d4700                      Options.use_adaptive_mutex: 0
2021/12/17-10:42:29.880308 7ff4c21d4700                            Options.rate_limiter: (nil)
2021/12/17-10:42:29.880309 7ff4c21d4700     Options.sst_file_manager.rate_bytes_per_sec: 0
2021/12/17-10:42:29.880310 7ff4c21d4700                       Options.wal_recovery_mode: 2
2021/12/17-10:42:29.880310 7ff4c21d4700                  Options.enable_thread_tracking: 0
2021/12/17-10:42:29.880311 7ff4c21d4700                  Options.enable_pipelined_write: 0
2021/12/17-10:42:29.880312 7ff4c21d4700                  Options.unordered_write: 0
2021/12/17-10:42:29.880313 7ff4c21d4700         Options.allow_concurrent_memtable_write: 1
2021/12/17-10:42:29.880314 7ff4c21d4700      Options.enable_write_thread_adaptive_yield: 1
2021/12/17-10:42:29.880314 7ff4c21d4700             Options.write_thread_max_yield_usec: 100
2021/12/17-10:42:29.880315 7ff4c21d4700            Options.write_thread_slow_yield_usec: 3
2021/12/17-10:42:29.880316 7ff4c21d4700                               Options.row_cache: None
2021/12/17-10:42:29.880317 7ff4c21d4700                              Options.wal_filter: None
2021/12/17-10:42:29.880318 7ff4c21d4700             Options.avoid_flush_during_recovery: 0
2021/12/17-10:42:29.880318 7ff4c21d4700             Options.allow_ingest_behind: 0
2021/12/17-10:42:29.880319 7ff4c21d4700             Options.preserve_deletes: 0
2021/12/17-10:42:29.880320 7ff4c21d4700             Options.two_write_queues: 0
2021/12/17-10:42:29.880321 7ff4c21d4700             Options.manual_wal_flush: 0
2021/12/17-10:42:29.880321 7ff4c21d4700             Options.atomic_flush: 0
2021/12/17-10:42:29.880322 7ff4c21d4700             Options.avoid_unnecessary_blocking_io: 0
2021/12/17-10:42:29.880323 7ff4c21d4700                 Options.persist_stats_to_disk: 0
2021/12/17-10:42:29.880324 7ff4c21d4700                 Options.write_dbid_to_manifest: 0
2021/12/17-10:42:29.880325 7ff4c21d4700                 Options.log_readahead_size: 0
2021/12/17-10:42:29.880326 7ff4c21d4700                 Options.file_checksum_gen_factory: Unknown
2021/12/17-10:42:29.880326 7ff4c21d4700                 Options.best_efforts_recovery: 0
2021/12/17-10:42:29.880327 7ff4c21d4700                Options.max_bgerror_resume_count: 2147483647
2021/12/17-10:42:29.880328 7ff4c21d4700            Options.bgerror_resume_retry_interval: 1000000
2021/12/17-10:42:29.880329 7ff4c21d4700             Options.allow_data_in_errors: 0
2021/12/17-10:42:29.880330 7ff4c21d4700             Options.db_host_id: __hostname__
2021/12/17-10:42:29.880331 7ff4c21d4700             Options.max_background_jobs: 2
2021/12/17-10:42:29.880332 7ff4c21d4700             Options.max_background_compactions: -1
2021/12/17-10:42:29.880332 7ff4c21d4700             Options.max_subcompactions: 1
2021/12/17-10:42:29.880333 7ff4c21d4700             Options.avoid_flush_during_shutdown: 0
2021/12/17-10:42:29.880334 7ff4c21d4700           Options.writable_file_max_buffer_size: 1048576
2021/12/17-10:42:29.880335 7ff4c21d4700             Options.delayed_write_rate : 16777216
2021/12/17-10:42:29.880336 7ff4c21d4700             Options.max_total_wal_size: 0
2021/12/17-10:42:29.880337 7ff4c21d4700             Options.delete_obsolete_files_period_micros: 21600000000
2021/12/17-10:42:29.880337 7ff4c21d4700                   Options.stats_dump_period_sec: 0
2021/12/17-10:42:29.880338 7ff4c21d4700                 Options.stats_persist_period_sec: 0
2021/12/17-10:42:29.880339 7ff4c21d4700                 Options.stats_history_buffer_size: 65536
2021/12/17-10:42:29.880340 7ff4c21d4700                          Options.max_open_files: -1
2021/12/17-10:42:29.880341 7ff4c21d4700                          Options.bytes_per_sync: 0
2021/12/17-10:42:29.880341 7ff4c21d4700                      Options.wal_bytes_per_sync: 0
2021/12/17-10:42:29.880342 7ff4c21d4700                   Options.strict_bytes_per_sync: 0
2021/12/17-10:42:29.880343 7ff4c21d4700       Options.compaction_readahead_size: 0
2021/12/17-10:42:29.880344 7ff4c21d4700                  Options.max_background_flushes: -1
2021/12/17-10:42:29.880345 7ff4c21d4700 Compression algorithms supported:
2021/12/17-10:42:29.880350 7ff4c21d4700 	kZSTDNotFinalCompression supported: 1
2021/12/17-10:42:29.880351 7ff4c21d4700 	kZSTD supported: 1
2021/12/17-10:42:29.880352 7ff4c21d4700 	kXpressCompression supported: 0
2021/12/17-10:42:29.880353 7ff4c21d4700 	kLZ4HCCompression supported: 1
2021/12/17-10:42:29.880354 7ff4c21d4700 	kLZ4Compression supported: 1
2021/12/17-10:42:29.880355 7ff4c21d4700 	kBZip2Compression supported: 1
2021/12/17-10:42:29.880356 7ff4c21d4700 	kZlibCompression supported: 1
2021/12/17-10:42:29.880357 7ff4c21d4700 	kSnappyCompression supported: 1
2021/12/17-10:42:29.880358 7ff4c21d4700 Fast CRC32 supported: Not supported on x86
2021/12/17-10:42:29.895577 7ff4c21d4700 [/db_impl/db_impl_open.cc:285] Creating manifest 1 
2021/12/17-10:42:29.975598 7ff4c21d4700 [/version_set.cc:4627] Recovering from manifest file: /home/ubuntu/Documents/hivemq-ce-2021.3/data/persistence/retained_messages/040500_R/retained_messages_13/MANIFEST-000001
2021/12/17-10:42:29.975706 7ff4c21d4700 [/column_family.cc:598] --------------- Options for column family [default]:
2021/12/17-10:42:29.975710 7ff4c21d4700               Options.comparator: leveldb.BytewiseComparator
2021/12/17-10:42:29.975711 7ff4c21d4700           Options.merge_operator: None
2021/12/17-10:42:29.975712 7ff4c21d4700        Options.compaction_filter: None
2021/12/17-10:42:29.975713 7ff4c21d4700        Options.compaction_filter_factory: None
2021/12/17-10:42:29.975714 7ff4c21d4700  Options.sst_partitioner_factory: None
2021/12/17-10:42:29.975715 7ff4c21d4700         Options.memtable_factory: SkipListFactory
2021/12/17-10:42:29.975716 7ff4c21d4700            Options.table_factory: BlockBasedTable
2021/12/17-10:42:29.975736 7ff4c21d4700            table_factory options:   flush_block_policy_factory: FlushBlockBySizePolicyFactory (0x7ff4a006ca20)
  cache_index_and_filter_blocks: 0
  cache_index_and_filter_blocks_with_high_priority: 1
  pin_l0_filter_and_index_blocks_in_cache: 0
  pin_top_level_index_and_filter: 1
  index_type: 0
  data_block_index_type: 0
  index_shortening: 1
  data_block_hash_table_util_ratio: 0.750000
  hash_index_allow_collision: 1
  checksum: 1
  no_block_cache: 0
  block_cache: 0x7ff4a006c9a0
  block_cache_name: LRUCache
  block_cache_options:
    capacity : 128753152
    num_shard_bits : 6
    strict_capacity_limit : 0
    memory_allocator : None
    high_pri_pool_ratio: 0.000
  block_cache_compressed: (nil)
  persistent_cache: (nil)
  block_size: 32768
  block_size_deviation: 10
  block_restart_interval: 16
  index_block_restart_interval: 1
  metadata_block_size: 4096
  partition_filters: 0
  use_delta_encoding: 1
  filter_policy: nullptr
  whole_key_filtering: 1
  verify_compression: 0
  read_amp_bytes_per_bit: 0
  format_version: 5
  enable_index_compression: 1
  block_align: 0
2021/12/17-10:42:29.975737 7ff4c21d4700        Options.write_buffer_size: 4023536
2021/12/17-10:42:29.975738 7ff4c21d4700  Options.max_write_buffer_number: 2
2021/12/17-10:42:29.975739 7ff4c21d4700          Options.compression: Snappy
2021/12/17-10:42:29.975740 7ff4c21d4700                  Options.bottommost_compression: Disabled
2021/12/17-10:42:29.975741 7ff4c21d4700       Options.prefix_extractor: nullptr
2021/12/17-10:42:29.975742 7ff4c21d4700   Options.memtable_insert_with_hint_prefix_extractor: nullptr
2021/12/17-10:42:29.975743 7ff4c21d4700             Options.num_levels: 7
2021/12/17-10:42:29.975744 7ff4c21d4700        Options.min_write_buffer_number_to_merge: 1
2021/12/17-10:42:29.975745 7ff4c21d4700     Options.max_write_buffer_number_to_maintain: 0
2021/12/17-10:42:29.975745 7ff4c21d4700     Options.max_write_buffer_size_to_maintain: 0
2021/12/17-10:42:29.975746 7ff4c21d4700            Options.bottommost_compression_opts.window_bits: -14
2021/12/17-10:42:29.975747 7ff4c21d4700                  Options.bottommost_compression_opts.level: 32767
2021/12/17-10:42:29.975748 7ff4c21d4700               Options.bottommost_compression_opts.strategy: 0
2021/12/17-10:42:29.975749 7ff4c21d4700         Options.bottommost_compression_opts.max_dict_bytes: 0
2021/12/17-10:42:29.975762 7ff4c21d4700         Options.bottommost_compression_opts.zstd_max_train_bytes: 0
2021/12/17-10:42:29.975763 7ff4c21d4700         Options.bottommost_compression_opts.parallel_threads: 1
2021/12/17-10:42:29.975764 7ff4c21d4700                  Options.bottommost_compression_opts.enabled: false
2021/12/17-10:42:29.975765 7ff4c21d4700         Options.bottommost_compression_opts.max_dict_buffer_bytes: 0
2021/12/17-10:42:29.975766 7ff4c21d4700            Options.compression_opts.window_bits: -14
2021/12/17-10:42:29.975766 7ff4c21d4700                  Options.compression_opts.level: 32767
2021/12/17-10:42:29.975767 7ff4c21d4700               Options.compression_opts.strategy: 0
2021/12/17-10:42:29.975768 7ff4c21d4700         Options.compression_opts.max_dict_bytes: 0
2021/12/17-10:42:29.975769 7ff4c21d4700         Options.compression_opts.zstd_max_train_bytes: 0
2021/12/17-10:42:29.975770 7ff4c21d4700         Options.compression_opts.parallel_threads: 1
2021/12/17-10:42:29.975771 7ff4c21d4700                  Options.compression_opts.enabled: false
2021/12/17-10:42:29.975772 7ff4c21d4700         Options.compression_opts.max_dict_buffer_bytes: 0
2021/12/17-10:42:29.975773 7ff4c21d4700      Options.level0_file_num_compaction_trigger: 4
2021/12/17-10:42:29.975773 7ff4c21d4700          Options.level0_slowdown_writes_trigger: 20
2021/12/17-10:42:29.975774 7ff4c21d4700              Options.level0_stop_writes_trigger: 36
2021/12/17-10:42:29.975775 7ff4c21d4700                   Options.target_file_size_base: 67108864
2021/12/17-10:42:29.975776 7ff4c21d4700             Options.target_file_size_multiplier: 1
2021/12/17-10:42:29.975777 7ff4c21d4700                Options.max_bytes_for_level_base: 268435456
2021/12/17-10:42:29.975778 7ff4c21d4700 Options.level_compaction_dynamic_level_bytes: 0
2021/12/17-10:42:29.975779 7ff4c21d4700          Options.max_bytes_for_level_multiplier: 10.000000
2021/12/17-10:42:29.975781 7ff4c21d4700 Options.max_bytes_for_level_multiplier_addtl[0]: 1
2021/12/17-10:42:29.975781 7ff4c21d4700 Options.max_bytes_for_level_multiplier_addtl[1]: 1
2021/12/17-10:42:29.975782 7ff4c21d4700 Options.max_bytes_for_level_multiplier_addtl[2]: 1
2021/12/17-10:42:29.975783 7ff4c21d4700 Options.max_bytes_for_level_multiplier_addtl[3]: 1
2021/12/17-10:42:29.975784 7ff4c21d4700 Options.max_bytes_for_level_multiplier_addtl[4]: 1
2021/12/17-10:42:29.975785 7ff4c21d4700 Options.max_bytes_for_level_multiplier_addtl[5]: 1
2021/12/17-10:42:29.975786 7ff4c21d4700 Options.max_bytes_for_level_multiplier_addtl[6]: 1
2021/12/17-10:42:29.975786 7ff4c21d4700       Options.max_sequential_skip_in_iterations: 8
2021/12/17-10:42:29.975787 7ff4c21d4700                    Options.max_compaction_bytes: 1677721600
2021/12/17-10:42:29.975788 7ff4c21d4700                        Options.arena_block_size: 503808
2021/12/17-10:42:29.975789 7ff4c21d4700   Options.soft_pending_compaction_bytes_limit: 68719476736
2021/12/17-10:42:29.975790 7ff4c21d4700   Options.hard_pending_compaction_bytes_limit: 274877906944
2021/12/17-10:42:29.975791 7ff4c21d4700       Options.rate_limit_delay_max_milliseconds: 100
2021/12/17-10:42:29.975792 7ff4c21d4700                Options.disable_auto_compactions: 0
2021/12/17-10:42:29.975793 7ff4c21d4700                        Options.compaction_style: kCompactionStyleLevel
2021/12/17-10:42:29.975794 7ff4c21d4700                          Options.compaction_pri: kMinOverlappingRatio
2021/12/17-10:42:29.975795 7ff4c21d4700 Options.compaction_options_universal.size_ratio: 1
2021/12/17-10:42:29.975796 7ff4c21d4700 Options.compaction_options_universal.min_merge_width: 2
2021/12/17-10:42:29.975797 7ff4c21d4700 Options.compaction_options_universal.max_merge_width: 4294967295
2021/12/17-10:42:29.975797 7ff4c21d4700 Options.compaction_options_universal.max_size_amplification_percent: 200
2021/12/17-10:42:29.975798 7ff4c21d4700 Options.compaction_options_universal.compression_size_percent: -1
2021/12/17-10:42:29.975800 7ff4c21d4700 Options.compaction_options_universal.stop_style: kCompactionStopStyleTotalSize
2021/12/17-10:42:29.975805 7ff4c21d4700 Options.compaction_options_fifo.max_table_files_size: 1073741824
2021/12/17-10:42:29.975806 7ff4c21d4700 Options.compaction_options_fifo.allow_compaction: 0
2021/12/17-10:42:29.975811 7ff4c21d4700                   Options.table_properties_collectors: 
2021/12/17-10:42:29.975812 7ff4c21d4700                   Options.inplace_update_support: 0
2021/12/17-10:42:29.975813 7ff4c21d4700                 Options.inplace_update_num_locks: 10000
2021/12/17-10:42:29.975814 7ff4c21d4700               Options.memtable_prefix_bloom_size_ratio: 0.000000
2021/12/17-10:42:29.975815 7ff4c21d4700               Options.memtable_whole_key_filtering: 0
2021/12/17-10:42:29.975816 7ff4c21d4700   Options.memtable_huge_page_size: 0
2021/12/17-10:42:29.975816 7ff4c21d4700                           Options.bloom_locality: 0
2021/12/17-10:42:29.975817 7ff4c21d4700                    Options.max_successive_merges: 0
2021/12/17-10:42:29.975818 7ff4c21d4700                Options.optimize_filters_for_hits: 0
2021/12/17-10:42:29.975819 7ff4c21d4700                Options.paranoid_file_checks: 0
2021/12/17-10:42:29.975820 7ff4c21d4700                Options.force_consistency_checks: 1
2021/12/17-10:42:29.975820 7ff4c21d4700                Options.report_bg_io_stats: 0
2021/12/17-10:42:29.975821 7ff4c21d4700                               Options.ttl: 2592000
2021/12/17-10:42:29.975822 7ff4c21d4700          Options.periodic_compaction_seconds: 0
2021/12/17-10:42:29.975823 7ff4c21d4700                    Options.enable_blob_files: false
2021/12/17-10:42:29.975824 7ff4c21d4700                        Options.min_blob_size: 0
2021/12/17-10:42:29.975825 7ff4c21d4700                       Options.blob_file_size: 268435456
2021/12/17-10:42:29.975825 7ff4c21d4700                Options.blob_compression_type: NoCompression
2021/12/17-10:42:29.975826 7ff4c21d4700       Options.enable_blob_garbage_collection: false
2021/12/17-10:42:29.975827 7ff4c21d4700   Options.blob_garbage_collection_age_cutoff: 0.250000
2021/12/17-10:42:29.986975 7ff4c21d4700 [/version_set.cc:4675] Recovered from manifest file:/home/ubuntu/Documents/hivemq-ce-2021.3/data/persistence/retained_messages/040500_R/retained_messages_13/MANIFEST-000001 succeeded,manifest_file_number is 1, next_file_number is 3, last_sequence is 0, log_number is 0,prev_log_number is 0,max_column_family is 0,min_log_number_to_keep is 0
2021/12/17-10:42:29.986979 7ff4c21d4700 [/version_set.cc:4684] Column family [default] (ID 0), log number is 0
2021/12/17-10:42:29.987030 7ff4c21d4700 [/version_set.cc:4119] Creating manifest 4
2021/12/17-10:42:30.119525 7ff4c21d4700 [/db_impl/db_impl_open.cc:1757] SstFileManager instance 0x7ff4a0198390
2021/12/17-10:42:30.119542 7ff4c21d4700 DB pointer 0x7ff4a019ad90
2021/12/17-10:50:52.031644 7ff4c1bce700 [/db_impl/db_impl.cc:463] Shutdown: canceling all background work
2021/12/17-10:50:52.031745 7ff4c1bce700 [/db_impl/db_impl.cc:642] Shutdown complete
