2021/12/17-10:42:30.117348 7ff4c1ed1700 RocksDB version: 6.20.3
2021/12/17-10:42:30.117377 7ff4c1ed1700 Compile date 2021-05-07 11:24:03
2021/12/17-10:42:30.117414 7ff4c1ed1700 DB SUMMARY
2021/12/17-10:42:30.117415 7ff4c1ed1700 DB Session ID:  O7SVPU34UZ85UBTMML5F
2021/12/17-10:42:30.117531 7ff4c1ed1700 SST files in /home/ubuntu/Documents/hivemq-ce-2021.3/data/persistence/retained_messages/040500_R/retained_messages_30 dir, Total Num: 0, files: 
2021/12/17-10:42:30.117534 7ff4c1ed1700 Write Ahead Log file in /home/ubuntu/Documents/hivemq-ce-2021.3/data/persistence/retained_messages/040500_R/retained_messages_30: 
2021/12/17-10:42:30.117536 7ff4c1ed1700                         Options.error_if_exists: 0
2021/12/17-10:42:30.117537 7ff4c1ed1700                       Options.create_if_missing: 1
2021/12/17-10:42:30.117538 7ff4c1ed1700                         Options.paranoid_checks: 1
2021/12/17-10:42:30.117539 7ff4c1ed1700                               Options.track_and_verify_wals_in_manifest: 0
2021/12/17-10:42:30.117540 7ff4c1ed1700                                     Options.env: 0x7ff4c35b80a0
2021/12/17-10:42:30.117541 7ff4c1ed1700                                      Options.fs: Posix File System
2021/12/17-10:42:30.117542 7ff4c1ed1700                                Options.info_log: 0x7ff4a420ba30
2021/12/17-10:42:30.117543 7ff4c1ed1700                Options.max_file_opening_threads: 16
2021/12/17-10:42:30.117544 7ff4c1ed1700                              Options.statistics: 0x7ff4a0003190
2021/12/17-10:42:30.117545 7ff4c1ed1700                               Options.use_fsync: 0
2021/12/17-10:42:30.117546 7ff4c1ed1700                       Options.max_log_file_size: 512000
2021/12/17-10:42:30.117547 7ff4c1ed1700                  Options.max_manifest_file_size: 1073741824
2021/12/17-10:42:30.117548 7ff4c1ed1700                   Options.log_file_time_to_roll: 0
2021/12/17-10:42:30.117549 7ff4c1ed1700                       Options.keep_log_file_num: 2
2021/12/17-10:42:30.117550 7ff4c1ed1700                    Options.recycle_log_file_num: 0
2021/12/17-10:42:30.117551 7ff4c1ed1700                         Options.allow_fallocate: 1
2021/12/17-10:42:30.117552 7ff4c1ed1700                        Options.allow_mmap_reads: 0
2021/12/17-10:42:30.117553 7ff4c1ed1700                       Options.allow_mmap_writes: 0
2021/12/17-10:42:30.117554 7ff4c1ed1700                        Options.use_direct_reads: 0
2021/12/17-10:42:30.117555 7ff4c1ed1700                        Options.use_direct_io_for_flush_and_compaction: 0
2021/12/17-10:42:30.117556 7ff4c1ed1700          Options.create_missing_column_families: 0
2021/12/17-10:42:30.117556 7ff4c1ed1700                              Options.db_log_dir: 
2021/12/17-10:42:30.117557 7ff4c1ed1700                                 Options.wal_dir: /home/ubuntu/Documents/hivemq-ce-2021.3/data/persistence/retained_messages/040500_R/retained_messages_30
2021/12/17-10:42:30.117558 7ff4c1ed1700                Options.table_cache_numshardbits: 6
2021/12/17-10:42:30.117559 7ff4c1ed1700                         Options.WAL_ttl_seconds: 0
2021/12/17-10:42:30.117560 7ff4c1ed1700                       Options.WAL_size_limit_MB: 0
2021/12/17-10:42:30.117561 7ff4c1ed1700                        Options.max_write_batch_group_size_bytes: 1048576
2021/12/17-10:42:30.117562 7ff4c1ed1700             Options.manifest_preallocation_size: 4194304
2021/12/17-10:42:30.117563 7ff4c1ed1700                     Options.is_fd_close_on_exec: 1
2021/12/17-10:42:30.117564 7ff4c1ed1700                   Options.advise_random_on_open: 1
2021/12/17-10:42:30.117565 7ff4c1ed1700                    Options.db_write_buffer_size: 0
2021/12/17-10:42:30.117566 7ff4c1ed1700                    Options.write_buffer_manager: 0x7ff4a42a3f80
2021/12/17-10:42:30.117567 7ff4c1ed1700         Options.access_hint_on_compaction_start: 1
2021/12/17-10:42:30.117568 7ff4c1ed1700  Options.new_table_reader_for_compaction_inputs: 0
2021/12/17-10:42:30.117568 7ff4c1ed1700           Options.random_access_max_buffer_size: 1048576
2021/12/17-10:42:30.117569 7ff4c1ed1700                      Options.use_adaptive_mutex: 0
2021/12/17-10:42:30.117668 7ff4c1ed1700                            Options.rate_limiter: (nil)
2021/12/17-10:42:30.117670 7ff4c1ed1700     Options.sst_file_manager.rate_bytes_per_sec: 0
2021/12/17-10:42:30.117671 7ff4c1ed1700                       Options.wal_recovery_mode: 2
2021/12/17-10:42:30.117672 7ff4c1ed1700                  Options.enable_thread_tracking: 0
2021/12/17-10:42:30.117673 7ff4c1ed1700                  Options.enable_pipelined_write: 0
2021/12/17-10:42:30.117674 7ff4c1ed1700                  Options.unordered_write: 0
2021/12/17-10:42:30.117675 7ff4c1ed1700         Options.allow_concurrent_memtable_write: 1
2021/12/17-10:42:30.117676 7ff4c1ed1700      Options.enable_write_thread_adaptive_yield: 1
2021/12/17-10:42:30.117677 7ff4c1ed1700             Options.write_thread_max_yield_usec: 100
2021/12/17-10:42:30.117678 7ff4c1ed1700            Options.write_thread_slow_yield_usec: 3
2021/12/17-10:42:30.117679 7ff4c1ed1700                               Options.row_cache: None
2021/12/17-10:42:30.117679 7ff4c1ed1700                              Options.wal_filter: None
2021/12/17-10:42:30.117680 7ff4c1ed1700             Options.avoid_flush_during_recovery: 0
2021/12/17-10:42:30.117681 7ff4c1ed1700             Options.allow_ingest_behind: 0
2021/12/17-10:42:30.117682 7ff4c1ed1700             Options.preserve_deletes: 0
2021/12/17-10:42:30.117683 7ff4c1ed1700             Options.two_write_queues: 0
2021/12/17-10:42:30.117684 7ff4c1ed1700             Options.manual_wal_flush: 0
2021/12/17-10:42:30.117684 7ff4c1ed1700             Options.atomic_flush: 0
2021/12/17-10:42:30.117685 7ff4c1ed1700             Options.avoid_unnecessary_blocking_io: 0
2021/12/17-10:42:30.117686 7ff4c1ed1700                 Options.persist_stats_to_disk: 0
2021/12/17-10:42:30.117687 7ff4c1ed1700                 Options.write_dbid_to_manifest: 0
2021/12/17-10:42:30.117688 7ff4c1ed1700                 Options.log_readahead_size: 0
2021/12/17-10:42:30.117689 7ff4c1ed1700                 Options.file_checksum_gen_factory: Unknown
2021/12/17-10:42:30.117690 7ff4c1ed1700                 Options.best_efforts_recovery: 0
2021/12/17-10:42:30.117691 7ff4c1ed1700                Options.max_bgerror_resume_count: 2147483647
2021/12/17-10:42:30.117692 7ff4c1ed1700            Options.bgerror_resume_retry_interval: 1000000
2021/12/17-10:42:30.117693 7ff4c1ed1700             Options.allow_data_in_errors: 0
2021/12/17-10:42:30.117693 7ff4c1ed1700             Options.db_host_id: __hostname__
2021/12/17-10:42:30.117695 7ff4c1ed1700             Options.max_background_jobs: 2
2021/12/17-10:42:30.117696 7ff4c1ed1700             Options.max_background_compactions: -1
2021/12/17-10:42:30.117697 7ff4c1ed1700             Options.max_subcompactions: 1
2021/12/17-10:42:30.117697 7ff4c1ed1700             Options.avoid_flush_during_shutdown: 0
2021/12/17-10:42:30.117698 7ff4c1ed1700           Options.writable_file_max_buffer_size: 1048576
2021/12/17-10:42:30.117699 7ff4c1ed1700             Options.delayed_write_rate : 16777216
2021/12/17-10:42:30.117700 7ff4c1ed1700             Options.max_total_wal_size: 0
2021/12/17-10:42:30.117794 7ff4c1ed1700             Options.delete_obsolete_files_period_micros: 21600000000
2021/12/17-10:42:30.117798 7ff4c1ed1700                   Options.stats_dump_period_sec: 0
2021/12/17-10:42:30.117799 7ff4c1ed1700                 Options.stats_persist_period_sec: 0
2021/12/17-10:42:30.117800 7ff4c1ed1700                 Options.stats_history_buffer_size: 65536
2021/12/17-10:42:30.117801 7ff4c1ed1700                          Options.max_open_files: -1
2021/12/17-10:42:30.117802 7ff4c1ed1700                          Options.bytes_per_sync: 0
2021/12/17-10:42:30.117803 7ff4c1ed1700                      Options.wal_bytes_per_sync: 0
2021/12/17-10:42:30.117805 7ff4c1ed1700                   Options.strict_bytes_per_sync: 0
2021/12/17-10:42:30.117806 7ff4c1ed1700       Options.compaction_readahead_size: 0
2021/12/17-10:42:30.117808 7ff4c1ed1700                  Options.max_background_flushes: -1
2021/12/17-10:42:30.117809 7ff4c1ed1700 Compression algorithms supported:
2021/12/17-10:42:30.117826 7ff4c1ed1700 	kZSTDNotFinalCompression supported: 1
2021/12/17-10:42:30.117828 7ff4c1ed1700 	kZSTD supported: 1
2021/12/17-10:42:30.117828 7ff4c1ed1700 	kXpressCompression supported: 0
2021/12/17-10:42:30.117829 7ff4c1ed1700 	kLZ4HCCompression supported: 1
2021/12/17-10:42:30.117830 7ff4c1ed1700 	kLZ4Compression supported: 1
2021/12/17-10:42:30.117831 7ff4c1ed1700 	kBZip2Compression supported: 1
2021/12/17-10:42:30.117832 7ff4c1ed1700 	kZlibCompression supported: 1
2021/12/17-10:42:30.117833 7ff4c1ed1700 	kSnappyCompression supported: 1
2021/12/17-10:42:30.117835 7ff4c1ed1700 Fast CRC32 supported: Not supported on x86
2021/12/17-10:42:30.140231 7ff4c1ed1700 [/db_impl/db_impl_open.cc:285] Creating manifest 1 
2021/12/17-10:42:30.208945 7ff4c1ed1700 [/version_set.cc:4627] Recovering from manifest file: /home/ubuntu/Documents/hivemq-ce-2021.3/data/persistence/retained_messages/040500_R/retained_messages_30/MANIFEST-000001
2021/12/17-10:42:30.215255 7ff4c1ed1700 [/column_family.cc:598] --------------- Options for column family [default]:
2021/12/17-10:42:30.215259 7ff4c1ed1700               Options.comparator: leveldb.BytewiseComparator
2021/12/17-10:42:30.215260 7ff4c1ed1700           Options.merge_operator: None
2021/12/17-10:42:30.215260 7ff4c1ed1700        Options.compaction_filter: None
2021/12/17-10:42:30.215261 7ff4c1ed1700        Options.compaction_filter_factory: None
2021/12/17-10:42:30.215262 7ff4c1ed1700  Options.sst_partitioner_factory: None
2021/12/17-10:42:30.215263 7ff4c1ed1700         Options.memtable_factory: SkipListFactory
2021/12/17-10:42:30.215264 7ff4c1ed1700            Options.table_factory: BlockBasedTable
2021/12/17-10:42:30.215284 7ff4c1ed1700            table_factory options:   flush_block_policy_factory: FlushBlockBySizePolicyFactory (0x7ff4a006ca20)
  cache_index_and_filter_blocks: 0
  cache_index_and_filter_blocks_with_high_priority: 1
  pin_l0_filter_and_index_blocks_in_cache: 0
  pin_top_level_index_and_filter: 1
  index_type: 0
  data_block_index_type: 0
  index_shortening: 1
  data_block_hash_table_util_ratio: 0.750000
  hash_index_allow_collision: 1
  checksum: 1
  no_block_cache: 0
  block_cache: 0x7ff4a006c9a0
  block_cache_name: LRUCache
  block_cache_options:
    capacity : 128753152
    num_shard_bits : 6
    strict_capacity_limit : 0
    memory_allocator : None
    high_pri_pool_ratio: 0.000
  block_cache_compressed: (nil)
  persistent_cache: (nil)
  block_size: 32768
  block_size_deviation: 10
  block_restart_interval: 16
  index_block_restart_interval: 1
  metadata_block_size: 4096
  partition_filters: 0
  use_delta_encoding: 1
  filter_policy: nullptr
  whole_key_filtering: 1
  verify_compression: 0
  read_amp_bytes_per_bit: 0
  format_version: 5
  enable_index_compression: 1
  block_align: 0
2021/12/17-10:42:30.215285 7ff4c1ed1700        Options.write_buffer_size: 4023536
2021/12/17-10:42:30.215286 7ff4c1ed1700  Options.max_write_buffer_number: 2
2021/12/17-10:42:30.215287 7ff4c1ed1700          Options.compression: Snappy
2021/12/17-10:42:30.215288 7ff4c1ed1700                  Options.bottommost_compression: Disabled
2021/12/17-10:42:30.215289 7ff4c1ed1700       Options.prefix_extractor: nullptr
2021/12/17-10:42:30.215290 7ff4c1ed1700   Options.memtable_insert_with_hint_prefix_extractor: nullptr
2021/12/17-10:42:30.215291 7ff4c1ed1700             Options.num_levels: 7
2021/12/17-10:42:30.215292 7ff4c1ed1700        Options.min_write_buffer_number_to_merge: 1
2021/12/17-10:42:30.215292 7ff4c1ed1700     Options.max_write_buffer_number_to_maintain: 0
2021/12/17-10:42:30.215293 7ff4c1ed1700     Options.max_write_buffer_size_to_maintain: 0
2021/12/17-10:42:30.215294 7ff4c1ed1700            Options.bottommost_compression_opts.window_bits: -14
2021/12/17-10:42:30.215295 7ff4c1ed1700                  Options.bottommost_compression_opts.level: 32767
2021/12/17-10:42:30.215296 7ff4c1ed1700               Options.bottommost_compression_opts.strategy: 0
2021/12/17-10:42:30.215297 7ff4c1ed1700         Options.bottommost_compression_opts.max_dict_bytes: 0
2021/12/17-10:42:30.215464 7ff4c1ed1700         Options.bottommost_compression_opts.zstd_max_train_bytes: 0
2021/12/17-10:42:30.215466 7ff4c1ed1700         Options.bottommost_compression_opts.parallel_threads: 1
2021/12/17-10:42:30.215467 7ff4c1ed1700                  Options.bottommost_compression_opts.enabled: false
2021/12/17-10:42:30.215468 7ff4c1ed1700         Options.bottommost_compression_opts.max_dict_buffer_bytes: 0
2021/12/17-10:42:30.215469 7ff4c1ed1700            Options.compression_opts.window_bits: -14
2021/12/17-10:42:30.215473 7ff4c1ed1700                  Options.compression_opts.level: 32767
2021/12/17-10:42:30.215474 7ff4c1ed1700               Options.compression_opts.strategy: 0
2021/12/17-10:42:30.215475 7ff4c1ed1700         Options.compression_opts.max_dict_bytes: 0
2021/12/17-10:42:30.215476 7ff4c1ed1700         Options.compression_opts.zstd_max_train_bytes: 0
2021/12/17-10:42:30.215477 7ff4c1ed1700         Options.compression_opts.parallel_threads: 1
2021/12/17-10:42:30.215477 7ff4c1ed1700                  Options.compression_opts.enabled: false
2021/12/17-10:42:30.215478 7ff4c1ed1700         Options.compression_opts.max_dict_buffer_bytes: 0
2021/12/17-10:42:30.215479 7ff4c1ed1700      Options.level0_file_num_compaction_trigger: 4
2021/12/17-10:42:30.215480 7ff4c1ed1700          Options.level0_slowdown_writes_trigger: 20
2021/12/17-10:42:30.215480 7ff4c1ed1700              Options.level0_stop_writes_trigger: 36
2021/12/17-10:42:30.215481 7ff4c1ed1700                   Options.target_file_size_base: 67108864
2021/12/17-10:42:30.215482 7ff4c1ed1700             Options.target_file_size_multiplier: 1
2021/12/17-10:42:30.215483 7ff4c1ed1700                Options.max_bytes_for_level_base: 268435456
2021/12/17-10:42:30.215484 7ff4c1ed1700 Options.level_compaction_dynamic_level_bytes: 0
2021/12/17-10:42:30.215486 7ff4c1ed1700          Options.max_bytes_for_level_multiplier: 10.000000
2021/12/17-10:42:30.215487 7ff4c1ed1700 Options.max_bytes_for_level_multiplier_addtl[0]: 1
2021/12/17-10:42:30.215488 7ff4c1ed1700 Options.max_bytes_for_level_multiplier_addtl[1]: 1
2021/12/17-10:42:30.215489 7ff4c1ed1700 Options.max_bytes_for_level_multiplier_addtl[2]: 1
2021/12/17-10:42:30.215490 7ff4c1ed1700 Options.max_bytes_for_level_multiplier_addtl[3]: 1
2021/12/17-10:42:30.215491 7ff4c1ed1700 Options.max_bytes_for_level_multiplier_addtl[4]: 1
2021/12/17-10:42:30.215491 7ff4c1ed1700 Options.max_bytes_for_level_multiplier_addtl[5]: 1
2021/12/17-10:42:30.215492 7ff4c1ed1700 Options.max_bytes_for_level_multiplier_addtl[6]: 1
2021/12/17-10:42:30.215493 7ff4c1ed1700       Options.max_sequential_skip_in_iterations: 8
2021/12/17-10:42:30.215494 7ff4c1ed1700                    Options.max_compaction_bytes: 1677721600
2021/12/17-10:42:30.215495 7ff4c1ed1700                        Options.arena_block_size: 503808
2021/12/17-10:42:30.215496 7ff4c1ed1700   Options.soft_pending_compaction_bytes_limit: 68719476736
2021/12/17-10:42:30.215496 7ff4c1ed1700   Options.hard_pending_compaction_bytes_limit: 274877906944
2021/12/17-10:42:30.215497 7ff4c1ed1700       Options.rate_limit_delay_max_milliseconds: 100
2021/12/17-10:42:30.215498 7ff4c1ed1700                Options.disable_auto_compactions: 0
2021/12/17-10:42:30.215499 7ff4c1ed1700                        Options.compaction_style: kCompactionStyleLevel
2021/12/17-10:42:30.215500 7ff4c1ed1700                          Options.compaction_pri: kMinOverlappingRatio
2021/12/17-10:42:30.215501 7ff4c1ed1700 Options.compaction_options_universal.size_ratio: 1
2021/12/17-10:42:30.215502 7ff4c1ed1700 Options.compaction_options_universal.min_merge_width: 2
2021/12/17-10:42:30.215503 7ff4c1ed1700 Options.compaction_options_universal.max_merge_width: 4294967295
2021/12/17-10:42:30.215504 7ff4c1ed1700 Options.compaction_options_universal.max_size_amplification_percent: 200
2021/12/17-10:42:30.215505 7ff4c1ed1700 Options.compaction_options_universal.compression_size_percent: -1
2021/12/17-10:42:30.215506 7ff4c1ed1700 Options.compaction_options_universal.stop_style: kCompactionStopStyleTotalSize
2021/12/17-10:42:30.215518 7ff4c1ed1700 Options.compaction_options_fifo.max_table_files_size: 1073741824
2021/12/17-10:42:30.215519 7ff4c1ed1700 Options.compaction_options_fifo.allow_compaction: 0
2021/12/17-10:42:30.215523 7ff4c1ed1700                   Options.table_properties_collectors: 
2021/12/17-10:42:30.215524 7ff4c1ed1700                   Options.inplace_update_support: 0
2021/12/17-10:42:30.215525 7ff4c1ed1700                 Options.inplace_update_num_locks: 10000
2021/12/17-10:42:30.215526 7ff4c1ed1700               Options.memtable_prefix_bloom_size_ratio: 0.000000
2021/12/17-10:42:30.215527 7ff4c1ed1700               Options.memtable_whole_key_filtering: 0
2021/12/17-10:42:30.215528 7ff4c1ed1700   Options.memtable_huge_page_size: 0
2021/12/17-10:42:30.215529 7ff4c1ed1700                           Options.bloom_locality: 0
2021/12/17-10:42:30.215530 7ff4c1ed1700                    Options.max_successive_merges: 0
2021/12/17-10:42:30.215530 7ff4c1ed1700                Options.optimize_filters_for_hits: 0
2021/12/17-10:42:30.215531 7ff4c1ed1700                Options.paranoid_file_checks: 0
2021/12/17-10:42:30.215532 7ff4c1ed1700                Options.force_consistency_checks: 1
2021/12/17-10:42:30.215533 7ff4c1ed1700                Options.report_bg_io_stats: 0
2021/12/17-10:42:30.215534 7ff4c1ed1700                               Options.ttl: 2592000
2021/12/17-10:42:30.215534 7ff4c1ed1700          Options.periodic_compaction_seconds: 0
2021/12/17-10:42:30.215535 7ff4c1ed1700                    Options.enable_blob_files: false
2021/12/17-10:42:30.215536 7ff4c1ed1700                        Options.min_blob_size: 0
2021/12/17-10:42:30.215537 7ff4c1ed1700                       Options.blob_file_size: 268435456
2021/12/17-10:42:30.215538 7ff4c1ed1700                Options.blob_compression_type: NoCompression
2021/12/17-10:42:30.215539 7ff4c1ed1700       Options.enable_blob_garbage_collection: false
2021/12/17-10:42:30.215540 7ff4c1ed1700   Options.blob_garbage_collection_age_cutoff: 0.250000
2021/12/17-10:42:30.220846 7ff4c1ed1700 [/version_set.cc:4675] Recovered from manifest file:/home/ubuntu/Documents/hivemq-ce-2021.3/data/persistence/retained_messages/040500_R/retained_messages_30/MANIFEST-000001 succeeded,manifest_file_number is 1, next_file_number is 3, last_sequence is 0, log_number is 0,prev_log_number is 0,max_column_family is 0,min_log_number_to_keep is 0
2021/12/17-10:42:30.220852 7ff4c1ed1700 [/version_set.cc:4684] Column family [default] (ID 0), log number is 0
2021/12/17-10:42:30.220944 7ff4c1ed1700 [/version_set.cc:4119] Creating manifest 4
2021/12/17-10:42:30.367841 7ff4c1ed1700 [/db_impl/db_impl_open.cc:1757] SstFileManager instance 0x7ff4a42a5a10
2021/12/17-10:42:30.367859 7ff4c1ed1700 DB pointer 0x7ff4a42a44c0
2021/12/17-10:50:52.041743 7ff4c20d3700 [/db_impl/db_impl.cc:463] Shutdown: canceling all background work
2021/12/17-10:50:52.041989 7ff4c20d3700 [/db_impl/db_impl.cc:642] Shutdown complete
