2021/12/17-10:42:30.356417 7ff4c21d4700 RocksDB version: 6.20.3
2021/12/17-10:42:30.356442 7ff4c21d4700 Compile date 2021-05-07 11:24:03
2021/12/17-10:42:30.356477 7ff4c21d4700 DB SUMMARY
2021/12/17-10:42:30.356478 7ff4c21d4700 DB Session ID:  BUMXBBGTEKVXFWDQULIX
2021/12/17-10:42:30.356490 7ff4c21d4700 SST files in /home/ubuntu/Documents/hivemq-ce-2021.3/data/persistence/retained_messages/040500_R/retained_messages_46 dir, Total Num: 0, files: 
2021/12/17-10:42:30.356491 7ff4c21d4700 Write Ahead Log file in /home/ubuntu/Documents/hivemq-ce-2021.3/data/persistence/retained_messages/040500_R/retained_messages_46: 
2021/12/17-10:42:30.356493 7ff4c21d4700                         Options.error_if_exists: 0
2021/12/17-10:42:30.356494 7ff4c21d4700                       Options.create_if_missing: 1
2021/12/17-10:42:30.356495 7ff4c21d4700                         Options.paranoid_checks: 1
2021/12/17-10:42:30.356496 7ff4c21d4700                               Options.track_and_verify_wals_in_manifest: 0
2021/12/17-10:42:30.356497 7ff4c21d4700                                     Options.env: 0x7ff4c35b80a0
2021/12/17-10:42:30.356498 7ff4c21d4700                                      Options.fs: Posix File System
2021/12/17-10:42:30.356499 7ff4c21d4700                                Options.info_log: 0x7ff4a01e64f0
2021/12/17-10:42:30.356500 7ff4c21d4700                Options.max_file_opening_threads: 16
2021/12/17-10:42:30.356500 7ff4c21d4700                              Options.statistics: 0x7ff4a0003190
2021/12/17-10:42:30.356501 7ff4c21d4700                               Options.use_fsync: 0
2021/12/17-10:42:30.356502 7ff4c21d4700                       Options.max_log_file_size: 512000
2021/12/17-10:42:30.356503 7ff4c21d4700                  Options.max_manifest_file_size: 1073741824
2021/12/17-10:42:30.356504 7ff4c21d4700                   Options.log_file_time_to_roll: 0
2021/12/17-10:42:30.356505 7ff4c21d4700                       Options.keep_log_file_num: 2
2021/12/17-10:42:30.356505 7ff4c21d4700                    Options.recycle_log_file_num: 0
2021/12/17-10:42:30.356506 7ff4c21d4700                         Options.allow_fallocate: 1
2021/12/17-10:42:30.356507 7ff4c21d4700                        Options.allow_mmap_reads: 0
2021/12/17-10:42:30.356508 7ff4c21d4700                       Options.allow_mmap_writes: 0
2021/12/17-10:42:30.356509 7ff4c21d4700                        Options.use_direct_reads: 0
2021/12/17-10:42:30.356509 7ff4c21d4700                        Options.use_direct_io_for_flush_and_compaction: 0
2021/12/17-10:42:30.356510 7ff4c21d4700          Options.create_missing_column_families: 0
2021/12/17-10:42:30.356511 7ff4c21d4700                              Options.db_log_dir: 
2021/12/17-10:42:30.356512 7ff4c21d4700                                 Options.wal_dir: /home/ubuntu/Documents/hivemq-ce-2021.3/data/persistence/retained_messages/040500_R/retained_messages_46
2021/12/17-10:42:30.356513 7ff4c21d4700                Options.table_cache_numshardbits: 6
2021/12/17-10:42:30.356514 7ff4c21d4700                         Options.WAL_ttl_seconds: 0
2021/12/17-10:42:30.356514 7ff4c21d4700                       Options.WAL_size_limit_MB: 0
2021/12/17-10:42:30.356515 7ff4c21d4700                        Options.max_write_batch_group_size_bytes: 1048576
2021/12/17-10:42:30.356516 7ff4c21d4700             Options.manifest_preallocation_size: 4194304
2021/12/17-10:42:30.356517 7ff4c21d4700                     Options.is_fd_close_on_exec: 1
2021/12/17-10:42:30.356518 7ff4c21d4700                   Options.advise_random_on_open: 1
2021/12/17-10:42:30.356519 7ff4c21d4700                    Options.db_write_buffer_size: 0
2021/12/17-10:42:30.356519 7ff4c21d4700                    Options.write_buffer_manager: 0x7ff4a01d0cb0
2021/12/17-10:42:30.356520 7ff4c21d4700         Options.access_hint_on_compaction_start: 1
2021/12/17-10:42:30.356521 7ff4c21d4700  Options.new_table_reader_for_compaction_inputs: 0
2021/12/17-10:42:30.356522 7ff4c21d4700           Options.random_access_max_buffer_size: 1048576
2021/12/17-10:42:30.356522 7ff4c21d4700                      Options.use_adaptive_mutex: 0
2021/12/17-10:42:30.356530 7ff4c21d4700                            Options.rate_limiter: (nil)
2021/12/17-10:42:30.356531 7ff4c21d4700     Options.sst_file_manager.rate_bytes_per_sec: 0
2021/12/17-10:42:30.356532 7ff4c21d4700                       Options.wal_recovery_mode: 2
2021/12/17-10:42:30.356533 7ff4c21d4700                  Options.enable_thread_tracking: 0
2021/12/17-10:42:30.356534 7ff4c21d4700                  Options.enable_pipelined_write: 0
2021/12/17-10:42:30.356535 7ff4c21d4700                  Options.unordered_write: 0
2021/12/17-10:42:30.356535 7ff4c21d4700         Options.allow_concurrent_memtable_write: 1
2021/12/17-10:42:30.356536 7ff4c21d4700      Options.enable_write_thread_adaptive_yield: 1
2021/12/17-10:42:30.356537 7ff4c21d4700             Options.write_thread_max_yield_usec: 100
2021/12/17-10:42:30.356538 7ff4c21d4700            Options.write_thread_slow_yield_usec: 3
2021/12/17-10:42:30.356539 7ff4c21d4700                               Options.row_cache: None
2021/12/17-10:42:30.356539 7ff4c21d4700                              Options.wal_filter: None
2021/12/17-10:42:30.356540 7ff4c21d4700             Options.avoid_flush_during_recovery: 0
2021/12/17-10:42:30.356541 7ff4c21d4700             Options.allow_ingest_behind: 0
2021/12/17-10:42:30.356542 7ff4c21d4700             Options.preserve_deletes: 0
2021/12/17-10:42:30.356543 7ff4c21d4700             Options.two_write_queues: 0
2021/12/17-10:42:30.356543 7ff4c21d4700             Options.manual_wal_flush: 0
2021/12/17-10:42:30.356544 7ff4c21d4700             Options.atomic_flush: 0
2021/12/17-10:42:30.356545 7ff4c21d4700             Options.avoid_unnecessary_blocking_io: 0
2021/12/17-10:42:30.356548 7ff4c21d4700                 Options.persist_stats_to_disk: 0
2021/12/17-10:42:30.356548 7ff4c21d4700                 Options.write_dbid_to_manifest: 0
2021/12/17-10:42:30.356549 7ff4c21d4700                 Options.log_readahead_size: 0
2021/12/17-10:42:30.356550 7ff4c21d4700                 Options.file_checksum_gen_factory: Unknown
2021/12/17-10:42:30.356551 7ff4c21d4700                 Options.best_efforts_recovery: 0
2021/12/17-10:42:30.356933 7ff4c21d4700                Options.max_bgerror_resume_count: 2147483647
2021/12/17-10:42:30.356935 7ff4c21d4700            Options.bgerror_resume_retry_interval: 1000000
2021/12/17-10:42:30.356936 7ff4c21d4700             Options.allow_data_in_errors: 0
2021/12/17-10:42:30.356937 7ff4c21d4700             Options.db_host_id: __hostname__
2021/12/17-10:42:30.356938 7ff4c21d4700             Options.max_background_jobs: 2
2021/12/17-10:42:30.356940 7ff4c21d4700             Options.max_background_compactions: -1
2021/12/17-10:42:30.356941 7ff4c21d4700             Options.max_subcompactions: 1
2021/12/17-10:42:30.356942 7ff4c21d4700             Options.avoid_flush_during_shutdown: 0
2021/12/17-10:42:30.356942 7ff4c21d4700           Options.writable_file_max_buffer_size: 1048576
2021/12/17-10:42:30.356944 7ff4c21d4700             Options.delayed_write_rate : 16777216
2021/12/17-10:42:30.356945 7ff4c21d4700             Options.max_total_wal_size: 0
2021/12/17-10:42:30.356946 7ff4c21d4700             Options.delete_obsolete_files_period_micros: 21600000000
2021/12/17-10:42:30.356947 7ff4c21d4700                   Options.stats_dump_period_sec: 0
2021/12/17-10:42:30.356947 7ff4c21d4700                 Options.stats_persist_period_sec: 0
2021/12/17-10:42:30.356948 7ff4c21d4700                 Options.stats_history_buffer_size: 65536
2021/12/17-10:42:30.356949 7ff4c21d4700                          Options.max_open_files: -1
2021/12/17-10:42:30.356952 7ff4c21d4700                          Options.bytes_per_sync: 0
2021/12/17-10:42:30.356953 7ff4c21d4700                      Options.wal_bytes_per_sync: 0
2021/12/17-10:42:30.356954 7ff4c21d4700                   Options.strict_bytes_per_sync: 0
2021/12/17-10:42:30.356955 7ff4c21d4700       Options.compaction_readahead_size: 0
2021/12/17-10:42:30.356956 7ff4c21d4700                  Options.max_background_flushes: -1
2021/12/17-10:42:30.356956 7ff4c21d4700 Compression algorithms supported:
2021/12/17-10:42:30.356970 7ff4c21d4700 	kZSTDNotFinalCompression supported: 1
2021/12/17-10:42:30.356971 7ff4c21d4700 	kZSTD supported: 1
2021/12/17-10:42:30.356973 7ff4c21d4700 	kXpressCompression supported: 0
2021/12/17-10:42:30.356974 7ff4c21d4700 	kLZ4HCCompression supported: 1
2021/12/17-10:42:30.356975 7ff4c21d4700 	kLZ4Compression supported: 1
2021/12/17-10:42:30.356977 7ff4c21d4700 	kBZip2Compression supported: 1
2021/12/17-10:42:30.356978 7ff4c21d4700 	kZlibCompression supported: 1
2021/12/17-10:42:30.356980 7ff4c21d4700 	kSnappyCompression supported: 1
2021/12/17-10:42:30.356982 7ff4c21d4700 Fast CRC32 supported: Not supported on x86
2021/12/17-10:42:30.382490 7ff4c21d4700 [/db_impl/db_impl_open.cc:285] Creating manifest 1 
2021/12/17-10:42:30.457721 7ff4c21d4700 [/version_set.cc:4627] Recovering from manifest file: /home/ubuntu/Documents/hivemq-ce-2021.3/data/persistence/retained_messages/040500_R/retained_messages_46/MANIFEST-000001
2021/12/17-10:42:30.460196 7ff4c21d4700 [/column_family.cc:598] --------------- Options for column family [default]:
2021/12/17-10:42:30.460201 7ff4c21d4700               Options.comparator: leveldb.BytewiseComparator
2021/12/17-10:42:30.460202 7ff4c21d4700           Options.merge_operator: None
2021/12/17-10:42:30.460202 7ff4c21d4700        Options.compaction_filter: None
2021/12/17-10:42:30.460203 7ff4c21d4700        Options.compaction_filter_factory: None
2021/12/17-10:42:30.460204 7ff4c21d4700  Options.sst_partitioner_factory: None
2021/12/17-10:42:30.460205 7ff4c21d4700         Options.memtable_factory: SkipListFactory
2021/12/17-10:42:30.460206 7ff4c21d4700            Options.table_factory: BlockBasedTable
2021/12/17-10:42:30.460223 7ff4c21d4700            table_factory options:   flush_block_policy_factory: FlushBlockBySizePolicyFactory (0x7ff4a006ca20)
  cache_index_and_filter_blocks: 0
  cache_index_and_filter_blocks_with_high_priority: 1
  pin_l0_filter_and_index_blocks_in_cache: 0
  pin_top_level_index_and_filter: 1
  index_type: 0
  data_block_index_type: 0
  index_shortening: 1
  data_block_hash_table_util_ratio: 0.750000
  hash_index_allow_collision: 1
  checksum: 1
  no_block_cache: 0
  block_cache: 0x7ff4a006c9a0
  block_cache_name: LRUCache
  block_cache_options:
    capacity : 128753152
    num_shard_bits : 6
    strict_capacity_limit : 0
    memory_allocator : None
    high_pri_pool_ratio: 0.000
  block_cache_compressed: (nil)
  persistent_cache: (nil)
  block_size: 32768
  block_size_deviation: 10
  block_restart_interval: 16
  index_block_restart_interval: 1
  metadata_block_size: 4096
  partition_filters: 0
  use_delta_encoding: 1
  filter_policy: nullptr
  whole_key_filtering: 1
  verify_compression: 0
  read_amp_bytes_per_bit: 0
  format_version: 5
  enable_index_compression: 1
  block_align: 0
2021/12/17-10:42:30.460225 7ff4c21d4700        Options.write_buffer_size: 4023536
2021/12/17-10:42:30.460226 7ff4c21d4700  Options.max_write_buffer_number: 2
2021/12/17-10:42:30.460227 7ff4c21d4700          Options.compression: Snappy
2021/12/17-10:42:30.460228 7ff4c21d4700                  Options.bottommost_compression: Disabled
2021/12/17-10:42:30.460229 7ff4c21d4700       Options.prefix_extractor: nullptr
2021/12/17-10:42:30.460230 7ff4c21d4700   Options.memtable_insert_with_hint_prefix_extractor: nullptr
2021/12/17-10:42:30.460230 7ff4c21d4700             Options.num_levels: 7
2021/12/17-10:42:30.460231 7ff4c21d4700        Options.min_write_buffer_number_to_merge: 1
2021/12/17-10:42:30.460232 7ff4c21d4700     Options.max_write_buffer_number_to_maintain: 0
2021/12/17-10:42:30.460233 7ff4c21d4700     Options.max_write_buffer_size_to_maintain: 0
2021/12/17-10:42:30.460234 7ff4c21d4700            Options.bottommost_compression_opts.window_bits: -14
2021/12/17-10:42:30.460235 7ff4c21d4700                  Options.bottommost_compression_opts.level: 32767
2021/12/17-10:42:30.460235 7ff4c21d4700               Options.bottommost_compression_opts.strategy: 0
2021/12/17-10:42:30.460236 7ff4c21d4700         Options.bottommost_compression_opts.max_dict_bytes: 0
2021/12/17-10:42:30.460889 7ff4c21d4700         Options.bottommost_compression_opts.zstd_max_train_bytes: 0
2021/12/17-10:42:30.460891 7ff4c21d4700         Options.bottommost_compression_opts.parallel_threads: 1
2021/12/17-10:42:30.460892 7ff4c21d4700                  Options.bottommost_compression_opts.enabled: false
2021/12/17-10:42:30.460893 7ff4c21d4700         Options.bottommost_compression_opts.max_dict_buffer_bytes: 0
2021/12/17-10:42:30.460895 7ff4c21d4700            Options.compression_opts.window_bits: -14
2021/12/17-10:42:30.460896 7ff4c21d4700                  Options.compression_opts.level: 32767
2021/12/17-10:42:30.460897 7ff4c21d4700               Options.compression_opts.strategy: 0
2021/12/17-10:42:30.460898 7ff4c21d4700         Options.compression_opts.max_dict_bytes: 0
2021/12/17-10:42:30.460899 7ff4c21d4700         Options.compression_opts.zstd_max_train_bytes: 0
2021/12/17-10:42:30.460900 7ff4c21d4700         Options.compression_opts.parallel_threads: 1
2021/12/17-10:42:30.460901 7ff4c21d4700                  Options.compression_opts.enabled: false
2021/12/17-10:42:30.460901 7ff4c21d4700         Options.compression_opts.max_dict_buffer_bytes: 0
2021/12/17-10:42:30.460902 7ff4c21d4700      Options.level0_file_num_compaction_trigger: 4
2021/12/17-10:42:30.460903 7ff4c21d4700          Options.level0_slowdown_writes_trigger: 20
2021/12/17-10:42:30.460904 7ff4c21d4700              Options.level0_stop_writes_trigger: 36
2021/12/17-10:42:30.460905 7ff4c21d4700                   Options.target_file_size_base: 67108864
2021/12/17-10:42:30.460906 7ff4c21d4700             Options.target_file_size_multiplier: 1
2021/12/17-10:42:30.460907 7ff4c21d4700                Options.max_bytes_for_level_base: 268435456
2021/12/17-10:42:30.460908 7ff4c21d4700 Options.level_compaction_dynamic_level_bytes: 0
2021/12/17-10:42:30.460910 7ff4c21d4700          Options.max_bytes_for_level_multiplier: 10.000000
2021/12/17-10:42:30.460911 7ff4c21d4700 Options.max_bytes_for_level_multiplier_addtl[0]: 1
2021/12/17-10:42:30.460912 7ff4c21d4700 Options.max_bytes_for_level_multiplier_addtl[1]: 1
2021/12/17-10:42:30.460914 7ff4c21d4700 Options.max_bytes_for_level_multiplier_addtl[2]: 1
2021/12/17-10:42:30.460915 7ff4c21d4700 Options.max_bytes_for_level_multiplier_addtl[3]: 1
2021/12/17-10:42:30.460915 7ff4c21d4700 Options.max_bytes_for_level_multiplier_addtl[4]: 1
2021/12/17-10:42:30.460917 7ff4c21d4700 Options.max_bytes_for_level_multiplier_addtl[5]: 1
2021/12/17-10:42:30.460918 7ff4c21d4700 Options.max_bytes_for_level_multiplier_addtl[6]: 1
2021/12/17-10:42:30.460919 7ff4c21d4700       Options.max_sequential_skip_in_iterations: 8
2021/12/17-10:42:30.460919 7ff4c21d4700                    Options.max_compaction_bytes: 1677721600
2021/12/17-10:42:30.460920 7ff4c21d4700                        Options.arena_block_size: 503808
2021/12/17-10:42:30.460921 7ff4c21d4700   Options.soft_pending_compaction_bytes_limit: 68719476736
2021/12/17-10:42:30.460922 7ff4c21d4700   Options.hard_pending_compaction_bytes_limit: 274877906944
2021/12/17-10:42:30.460923 7ff4c21d4700       Options.rate_limit_delay_max_milliseconds: 100
2021/12/17-10:42:30.460924 7ff4c21d4700                Options.disable_auto_compactions: 0
2021/12/17-10:42:30.460926 7ff4c21d4700                        Options.compaction_style: kCompactionStyleLevel
2021/12/17-10:42:30.460927 7ff4c21d4700                          Options.compaction_pri: kMinOverlappingRatio
2021/12/17-10:42:30.460928 7ff4c21d4700 Options.compaction_options_universal.size_ratio: 1
2021/12/17-10:42:30.460929 7ff4c21d4700 Options.compaction_options_universal.min_merge_width: 2
2021/12/17-10:42:30.460930 7ff4c21d4700 Options.compaction_options_universal.max_merge_width: 4294967295
2021/12/17-10:42:30.460931 7ff4c21d4700 Options.compaction_options_universal.max_size_amplification_percent: 200
2021/12/17-10:42:30.460932 7ff4c21d4700 Options.compaction_options_universal.compression_size_percent: -1
2021/12/17-10:42:30.460933 7ff4c21d4700 Options.compaction_options_universal.stop_style: kCompactionStopStyleTotalSize
2021/12/17-10:42:30.460941 7ff4c21d4700 Options.compaction_options_fifo.max_table_files_size: 1073741824
2021/12/17-10:42:30.460942 7ff4c21d4700 Options.compaction_options_fifo.allow_compaction: 0
2021/12/17-10:42:30.460947 7ff4c21d4700                   Options.table_properties_collectors: 
2021/12/17-10:42:30.460948 7ff4c21d4700                   Options.inplace_update_support: 0
2021/12/17-10:42:30.460949 7ff4c21d4700                 Options.inplace_update_num_locks: 10000
2021/12/17-10:42:30.460950 7ff4c21d4700               Options.memtable_prefix_bloom_size_ratio: 0.000000
2021/12/17-10:42:30.460952 7ff4c21d4700               Options.memtable_whole_key_filtering: 0
2021/12/17-10:42:30.460953 7ff4c21d4700   Options.memtable_huge_page_size: 0
2021/12/17-10:42:30.460954 7ff4c21d4700                           Options.bloom_locality: 0
2021/12/17-10:42:30.460955 7ff4c21d4700                    Options.max_successive_merges: 0
2021/12/17-10:42:30.460955 7ff4c21d4700                Options.optimize_filters_for_hits: 0
2021/12/17-10:42:30.460956 7ff4c21d4700                Options.paranoid_file_checks: 0
2021/12/17-10:42:30.460957 7ff4c21d4700                Options.force_consistency_checks: 1
2021/12/17-10:42:30.460958 7ff4c21d4700                Options.report_bg_io_stats: 0
2021/12/17-10:42:30.460959 7ff4c21d4700                               Options.ttl: 2592000
2021/12/17-10:42:30.460960 7ff4c21d4700          Options.periodic_compaction_seconds: 0
2021/12/17-10:42:30.460961 7ff4c21d4700                    Options.enable_blob_files: false
2021/12/17-10:42:30.460962 7ff4c21d4700                        Options.min_blob_size: 0
2021/12/17-10:42:30.460962 7ff4c21d4700                       Options.blob_file_size: 268435456
2021/12/17-10:42:30.460964 7ff4c21d4700                Options.blob_compression_type: NoCompression
2021/12/17-10:42:30.460965 7ff4c21d4700       Options.enable_blob_garbage_collection: false
2021/12/17-10:42:30.460966 7ff4c21d4700   Options.blob_garbage_collection_age_cutoff: 0.250000
2021/12/17-10:42:30.609523 7ff4c21d4700 [/version_set.cc:4675] Recovered from manifest file:/home/ubuntu/Documents/hivemq-ce-2021.3/data/persistence/retained_messages/040500_R/retained_messages_46/MANIFEST-000001 succeeded,manifest_file_number is 1, next_file_number is 3, last_sequence is 0, log_number is 0,prev_log_number is 0,max_column_family is 0,min_log_number_to_keep is 0
2021/12/17-10:42:30.609527 7ff4c21d4700 [/version_set.cc:4684] Column family [default] (ID 0), log number is 0
2021/12/17-10:42:30.609586 7ff4c21d4700 [/version_set.cc:4119] Creating manifest 4
2021/12/17-10:42:30.749311 7ff4c21d4700 [/db_impl/db_impl_open.cc:1757] SstFileManager instance 0x7ff4a01a2880
2021/12/17-10:42:30.749329 7ff4c21d4700 DB pointer 0x7ff4a01caee0
2021/12/17-10:50:52.347206 7ff4c22d5700 [/db_impl/db_impl.cc:463] Shutdown: canceling all background work
2021/12/17-10:50:52.347341 7ff4c22d5700 [/db_impl/db_impl.cc:642] Shutdown complete
