2021/12/17-10:42:30.527840 7ff4c28db700 RocksDB version: 6.20.3
2021/12/17-10:42:30.527869 7ff4c28db700 Compile date 2021-05-07 11:24:03
2021/12/17-10:42:30.527904 7ff4c28db700 DB SUMMARY
2021/12/17-10:42:30.527906 7ff4c28db700 DB Session ID:  4624F5O9XVNVDO0743Q5
2021/12/17-10:42:30.527917 7ff4c28db700 SST files in /home/ubuntu/Documents/hivemq-ce-2021.3/data/persistence/retained_messages/040500_R/retained_messages_57 dir, Total Num: 0, files: 
2021/12/17-10:42:30.527919 7ff4c28db700 Write Ahead Log file in /home/ubuntu/Documents/hivemq-ce-2021.3/data/persistence/retained_messages/040500_R/retained_messages_57: 
2021/12/17-10:42:30.527920 7ff4c28db700                         Options.error_if_exists: 0
2021/12/17-10:42:30.527921 7ff4c28db700                       Options.create_if_missing: 1
2021/12/17-10:42:30.527922 7ff4c28db700                         Options.paranoid_checks: 1
2021/12/17-10:42:30.527923 7ff4c28db700                               Options.track_and_verify_wals_in_manifest: 0
2021/12/17-10:42:30.527924 7ff4c28db700                                     Options.env: 0x7ff4c35b80a0
2021/12/17-10:42:30.527925 7ff4c28db700                                      Options.fs: Posix File System
2021/12/17-10:42:30.527926 7ff4c28db700                                Options.info_log: 0x7ff4a430a1e0
2021/12/17-10:42:30.527927 7ff4c28db700                Options.max_file_opening_threads: 16
2021/12/17-10:42:30.527928 7ff4c28db700                              Options.statistics: 0x7ff4a0003190
2021/12/17-10:42:30.527929 7ff4c28db700                               Options.use_fsync: 0
2021/12/17-10:42:30.527930 7ff4c28db700                       Options.max_log_file_size: 512000
2021/12/17-10:42:30.527931 7ff4c28db700                  Options.max_manifest_file_size: 1073741824
2021/12/17-10:42:30.527932 7ff4c28db700                   Options.log_file_time_to_roll: 0
2021/12/17-10:42:30.527933 7ff4c28db700                       Options.keep_log_file_num: 2
2021/12/17-10:42:30.527934 7ff4c28db700                    Options.recycle_log_file_num: 0
2021/12/17-10:42:30.527934 7ff4c28db700                         Options.allow_fallocate: 1
2021/12/17-10:42:30.527935 7ff4c28db700                        Options.allow_mmap_reads: 0
2021/12/17-10:42:30.527936 7ff4c28db700                       Options.allow_mmap_writes: 0
2021/12/17-10:42:30.527937 7ff4c28db700                        Options.use_direct_reads: 0
2021/12/17-10:42:30.527938 7ff4c28db700                        Options.use_direct_io_for_flush_and_compaction: 0
2021/12/17-10:42:30.527939 7ff4c28db700          Options.create_missing_column_families: 0
2021/12/17-10:42:30.527939 7ff4c28db700                              Options.db_log_dir: 
2021/12/17-10:42:30.527940 7ff4c28db700                                 Options.wal_dir: /home/ubuntu/Documents/hivemq-ce-2021.3/data/persistence/retained_messages/040500_R/retained_messages_57
2021/12/17-10:42:30.527941 7ff4c28db700                Options.table_cache_numshardbits: 6
2021/12/17-10:42:30.527942 7ff4c28db700                         Options.WAL_ttl_seconds: 0
2021/12/17-10:42:30.527943 7ff4c28db700                       Options.WAL_size_limit_MB: 0
2021/12/17-10:42:30.527944 7ff4c28db700                        Options.max_write_batch_group_size_bytes: 1048576
2021/12/17-10:42:30.527945 7ff4c28db700             Options.manifest_preallocation_size: 4194304
2021/12/17-10:42:30.527946 7ff4c28db700                     Options.is_fd_close_on_exec: 1
2021/12/17-10:42:30.527947 7ff4c28db700                   Options.advise_random_on_open: 1
2021/12/17-10:42:30.527948 7ff4c28db700                    Options.db_write_buffer_size: 0
2021/12/17-10:42:30.527948 7ff4c28db700                    Options.write_buffer_manager: 0x7ff4a43abaa0
2021/12/17-10:42:30.527949 7ff4c28db700         Options.access_hint_on_compaction_start: 1
2021/12/17-10:42:30.527950 7ff4c28db700  Options.new_table_reader_for_compaction_inputs: 0
2021/12/17-10:42:30.527951 7ff4c28db700           Options.random_access_max_buffer_size: 1048576
2021/12/17-10:42:30.527952 7ff4c28db700                      Options.use_adaptive_mutex: 0
2021/12/17-10:42:30.527961 7ff4c28db700                            Options.rate_limiter: (nil)
2021/12/17-10:42:30.527962 7ff4c28db700     Options.sst_file_manager.rate_bytes_per_sec: 0
2021/12/17-10:42:30.527963 7ff4c28db700                       Options.wal_recovery_mode: 2
2021/12/17-10:42:30.527963 7ff4c28db700                  Options.enable_thread_tracking: 0
2021/12/17-10:42:30.527964 7ff4c28db700                  Options.enable_pipelined_write: 0
2021/12/17-10:42:30.527965 7ff4c28db700                  Options.unordered_write: 0
2021/12/17-10:42:30.527966 7ff4c28db700         Options.allow_concurrent_memtable_write: 1
2021/12/17-10:42:30.527966 7ff4c28db700      Options.enable_write_thread_adaptive_yield: 1
2021/12/17-10:42:30.527967 7ff4c28db700             Options.write_thread_max_yield_usec: 100
2021/12/17-10:42:30.527968 7ff4c28db700            Options.write_thread_slow_yield_usec: 3
2021/12/17-10:42:30.527969 7ff4c28db700                               Options.row_cache: None
2021/12/17-10:42:30.528059 7ff4c28db700                              Options.wal_filter: None
2021/12/17-10:42:30.528063 7ff4c28db700             Options.avoid_flush_during_recovery: 0
2021/12/17-10:42:30.528064 7ff4c28db700             Options.allow_ingest_behind: 0
2021/12/17-10:42:30.528066 7ff4c28db700             Options.preserve_deletes: 0
2021/12/17-10:42:30.528066 7ff4c28db700             Options.two_write_queues: 0
2021/12/17-10:42:30.528068 7ff4c28db700             Options.manual_wal_flush: 0
2021/12/17-10:42:30.528069 7ff4c28db700             Options.atomic_flush: 0
2021/12/17-10:42:30.528070 7ff4c28db700             Options.avoid_unnecessary_blocking_io: 0
2021/12/17-10:42:30.528071 7ff4c28db700                 Options.persist_stats_to_disk: 0
2021/12/17-10:42:30.528072 7ff4c28db700                 Options.write_dbid_to_manifest: 0
2021/12/17-10:42:30.528073 7ff4c28db700                 Options.log_readahead_size: 0
2021/12/17-10:42:30.528074 7ff4c28db700                 Options.file_checksum_gen_factory: Unknown
2021/12/17-10:42:30.528075 7ff4c28db700                 Options.best_efforts_recovery: 0
2021/12/17-10:42:30.528076 7ff4c28db700                Options.max_bgerror_resume_count: 2147483647
2021/12/17-10:42:30.528077 7ff4c28db700            Options.bgerror_resume_retry_interval: 1000000
2021/12/17-10:42:30.528078 7ff4c28db700             Options.allow_data_in_errors: 0
2021/12/17-10:42:30.528079 7ff4c28db700             Options.db_host_id: __hostname__
2021/12/17-10:42:30.528080 7ff4c28db700             Options.max_background_jobs: 2
2021/12/17-10:42:30.528081 7ff4c28db700             Options.max_background_compactions: -1
2021/12/17-10:42:30.528082 7ff4c28db700             Options.max_subcompactions: 1
2021/12/17-10:42:30.528083 7ff4c28db700             Options.avoid_flush_during_shutdown: 0
2021/12/17-10:42:30.528084 7ff4c28db700           Options.writable_file_max_buffer_size: 1048576
2021/12/17-10:42:30.528085 7ff4c28db700             Options.delayed_write_rate : 16777216
2021/12/17-10:42:30.528086 7ff4c28db700             Options.max_total_wal_size: 0
2021/12/17-10:42:30.528087 7ff4c28db700             Options.delete_obsolete_files_period_micros: 21600000000
2021/12/17-10:42:30.528088 7ff4c28db700                   Options.stats_dump_period_sec: 0
2021/12/17-10:42:30.528089 7ff4c28db700                 Options.stats_persist_period_sec: 0
2021/12/17-10:42:30.528090 7ff4c28db700                 Options.stats_history_buffer_size: 65536
2021/12/17-10:42:30.528091 7ff4c28db700                          Options.max_open_files: -1
2021/12/17-10:42:30.528092 7ff4c28db700                          Options.bytes_per_sync: 0
2021/12/17-10:42:30.528093 7ff4c28db700                      Options.wal_bytes_per_sync: 0
2021/12/17-10:42:30.528094 7ff4c28db700                   Options.strict_bytes_per_sync: 0
2021/12/17-10:42:30.528095 7ff4c28db700       Options.compaction_readahead_size: 0
2021/12/17-10:42:30.528096 7ff4c28db700                  Options.max_background_flushes: -1
2021/12/17-10:42:30.528097 7ff4c28db700 Compression algorithms supported:
2021/12/17-10:42:30.528109 7ff4c28db700 	kZSTDNotFinalCompression supported: 1
2021/12/17-10:42:30.528111 7ff4c28db700 	kZSTD supported: 1
2021/12/17-10:42:30.528112 7ff4c28db700 	kXpressCompression supported: 0
2021/12/17-10:42:30.528113 7ff4c28db700 	kLZ4HCCompression supported: 1
2021/12/17-10:42:30.528114 7ff4c28db700 	kLZ4Compression supported: 1
2021/12/17-10:42:30.528115 7ff4c28db700 	kBZip2Compression supported: 1
2021/12/17-10:42:30.528116 7ff4c28db700 	kZlibCompression supported: 1
2021/12/17-10:42:30.528117 7ff4c28db700 	kSnappyCompression supported: 1
2021/12/17-10:42:30.528119 7ff4c28db700 Fast CRC32 supported: Not supported on x86
2021/12/17-10:42:30.576948 7ff4c28db700 [/db_impl/db_impl_open.cc:285] Creating manifest 1 
2021/12/17-10:42:30.672461 7ff4c28db700 [/version_set.cc:4627] Recovering from manifest file: /home/ubuntu/Documents/hivemq-ce-2021.3/data/persistence/retained_messages/040500_R/retained_messages_57/MANIFEST-000001
2021/12/17-10:42:30.672568 7ff4c28db700 [/column_family.cc:598] --------------- Options for column family [default]:
2021/12/17-10:42:30.672655 7ff4c28db700               Options.comparator: leveldb.BytewiseComparator
2021/12/17-10:42:30.672658 7ff4c28db700           Options.merge_operator: None
2021/12/17-10:42:30.672659 7ff4c28db700        Options.compaction_filter: None
2021/12/17-10:42:30.672660 7ff4c28db700        Options.compaction_filter_factory: None
2021/12/17-10:42:30.672661 7ff4c28db700  Options.sst_partitioner_factory: None
2021/12/17-10:42:30.672662 7ff4c28db700         Options.memtable_factory: SkipListFactory
2021/12/17-10:42:30.672663 7ff4c28db700            Options.table_factory: BlockBasedTable
2021/12/17-10:42:30.672684 7ff4c28db700            table_factory options:   flush_block_policy_factory: FlushBlockBySizePolicyFactory (0x7ff4a006ca20)
  cache_index_and_filter_blocks: 0
  cache_index_and_filter_blocks_with_high_priority: 1
  pin_l0_filter_and_index_blocks_in_cache: 0
  pin_top_level_index_and_filter: 1
  index_type: 0
  data_block_index_type: 0
  index_shortening: 1
  data_block_hash_table_util_ratio: 0.750000
  hash_index_allow_collision: 1
  checksum: 1
  no_block_cache: 0
  block_cache: 0x7ff4a006c9a0
  block_cache_name: LRUCache
  block_cache_options:
    capacity : 128753152
    num_shard_bits : 6
    strict_capacity_limit : 0
    memory_allocator : None
    high_pri_pool_ratio: 0.000
  block_cache_compressed: (nil)
  persistent_cache: (nil)
  block_size: 32768
  block_size_deviation: 10
  block_restart_interval: 16
  index_block_restart_interval: 1
  metadata_block_size: 4096
  partition_filters: 0
  use_delta_encoding: 1
  filter_policy: nullptr
  whole_key_filtering: 1
  verify_compression: 0
  read_amp_bytes_per_bit: 0
  format_version: 5
  enable_index_compression: 1
  block_align: 0
2021/12/17-10:42:30.672687 7ff4c28db700        Options.write_buffer_size: 4023536
2021/12/17-10:42:30.672688 7ff4c28db700  Options.max_write_buffer_number: 2
2021/12/17-10:42:30.672689 7ff4c28db700          Options.compression: Snappy
2021/12/17-10:42:30.672690 7ff4c28db700                  Options.bottommost_compression: Disabled
2021/12/17-10:42:30.672691 7ff4c28db700       Options.prefix_extractor: nullptr
2021/12/17-10:42:30.672692 7ff4c28db700   Options.memtable_insert_with_hint_prefix_extractor: nullptr
2021/12/17-10:42:30.672693 7ff4c28db700             Options.num_levels: 7
2021/12/17-10:42:30.672694 7ff4c28db700        Options.min_write_buffer_number_to_merge: 1
2021/12/17-10:42:30.672695 7ff4c28db700     Options.max_write_buffer_number_to_maintain: 0
2021/12/17-10:42:30.672696 7ff4c28db700     Options.max_write_buffer_size_to_maintain: 0
2021/12/17-10:42:30.672697 7ff4c28db700            Options.bottommost_compression_opts.window_bits: -14
2021/12/17-10:42:30.672697 7ff4c28db700                  Options.bottommost_compression_opts.level: 32767
2021/12/17-10:42:30.672698 7ff4c28db700               Options.bottommost_compression_opts.strategy: 0
2021/12/17-10:42:30.672699 7ff4c28db700         Options.bottommost_compression_opts.max_dict_bytes: 0
2021/12/17-10:42:30.672714 7ff4c28db700         Options.bottommost_compression_opts.zstd_max_train_bytes: 0
2021/12/17-10:42:30.672715 7ff4c28db700         Options.bottommost_compression_opts.parallel_threads: 1
2021/12/17-10:42:30.672716 7ff4c28db700                  Options.bottommost_compression_opts.enabled: false
2021/12/17-10:42:30.672716 7ff4c28db700         Options.bottommost_compression_opts.max_dict_buffer_bytes: 0
2021/12/17-10:42:30.672717 7ff4c28db700            Options.compression_opts.window_bits: -14
2021/12/17-10:42:30.672718 7ff4c28db700                  Options.compression_opts.level: 32767
2021/12/17-10:42:30.672719 7ff4c28db700               Options.compression_opts.strategy: 0
2021/12/17-10:42:30.672720 7ff4c28db700         Options.compression_opts.max_dict_bytes: 0
2021/12/17-10:42:30.672721 7ff4c28db700         Options.compression_opts.zstd_max_train_bytes: 0
2021/12/17-10:42:30.672721 7ff4c28db700         Options.compression_opts.parallel_threads: 1
2021/12/17-10:42:30.672722 7ff4c28db700                  Options.compression_opts.enabled: false
2021/12/17-10:42:30.672723 7ff4c28db700         Options.compression_opts.max_dict_buffer_bytes: 0
2021/12/17-10:42:30.672724 7ff4c28db700      Options.level0_file_num_compaction_trigger: 4
2021/12/17-10:42:30.672725 7ff4c28db700          Options.level0_slowdown_writes_trigger: 20
2021/12/17-10:42:30.672725 7ff4c28db700              Options.level0_stop_writes_trigger: 36
2021/12/17-10:42:30.672726 7ff4c28db700                   Options.target_file_size_base: 67108864
2021/12/17-10:42:30.672727 7ff4c28db700             Options.target_file_size_multiplier: 1
2021/12/17-10:42:30.672728 7ff4c28db700                Options.max_bytes_for_level_base: 268435456
2021/12/17-10:42:30.672729 7ff4c28db700 Options.level_compaction_dynamic_level_bytes: 0
2021/12/17-10:42:30.672730 7ff4c28db700          Options.max_bytes_for_level_multiplier: 10.000000
2021/12/17-10:42:30.672731 7ff4c28db700 Options.max_bytes_for_level_multiplier_addtl[0]: 1
2021/12/17-10:42:30.672732 7ff4c28db700 Options.max_bytes_for_level_multiplier_addtl[1]: 1
2021/12/17-10:42:30.672733 7ff4c28db700 Options.max_bytes_for_level_multiplier_addtl[2]: 1
2021/12/17-10:42:30.672734 7ff4c28db700 Options.max_bytes_for_level_multiplier_addtl[3]: 1
2021/12/17-10:42:30.672735 7ff4c28db700 Options.max_bytes_for_level_multiplier_addtl[4]: 1
2021/12/17-10:42:30.672736 7ff4c28db700 Options.max_bytes_for_level_multiplier_addtl[5]: 1
2021/12/17-10:42:30.672736 7ff4c28db700 Options.max_bytes_for_level_multiplier_addtl[6]: 1
2021/12/17-10:42:30.672739 7ff4c28db700       Options.max_sequential_skip_in_iterations: 8
2021/12/17-10:42:30.672740 7ff4c28db700                    Options.max_compaction_bytes: 1677721600
2021/12/17-10:42:30.672741 7ff4c28db700                        Options.arena_block_size: 503808
2021/12/17-10:42:30.672741 7ff4c28db700   Options.soft_pending_compaction_bytes_limit: 68719476736
2021/12/17-10:42:30.672742 7ff4c28db700   Options.hard_pending_compaction_bytes_limit: 274877906944
2021/12/17-10:42:30.672743 7ff4c28db700       Options.rate_limit_delay_max_milliseconds: 100
2021/12/17-10:42:30.672744 7ff4c28db700                Options.disable_auto_compactions: 0
2021/12/17-10:42:30.672745 7ff4c28db700                        Options.compaction_style: kCompactionStyleLevel
2021/12/17-10:42:30.672746 7ff4c28db700                          Options.compaction_pri: kMinOverlappingRatio
2021/12/17-10:42:30.672747 7ff4c28db700 Options.compaction_options_universal.size_ratio: 1
2021/12/17-10:42:30.672748 7ff4c28db700 Options.compaction_options_universal.min_merge_width: 2
2021/12/17-10:42:30.672749 7ff4c28db700 Options.compaction_options_universal.max_merge_width: 4294967295
2021/12/17-10:42:30.672750 7ff4c28db700 Options.compaction_options_universal.max_size_amplification_percent: 200
2021/12/17-10:42:30.672750 7ff4c28db700 Options.compaction_options_universal.compression_size_percent: -1
2021/12/17-10:42:30.672751 7ff4c28db700 Options.compaction_options_universal.stop_style: kCompactionStopStyleTotalSize
2021/12/17-10:42:30.672757 7ff4c28db700 Options.compaction_options_fifo.max_table_files_size: 1073741824
2021/12/17-10:42:30.672758 7ff4c28db700 Options.compaction_options_fifo.allow_compaction: 0
2021/12/17-10:42:30.672764 7ff4c28db700                   Options.table_properties_collectors: 
2021/12/17-10:42:30.672765 7ff4c28db700                   Options.inplace_update_support: 0
2021/12/17-10:42:30.672766 7ff4c28db700                 Options.inplace_update_num_locks: 10000
2021/12/17-10:42:30.672767 7ff4c28db700               Options.memtable_prefix_bloom_size_ratio: 0.000000
2021/12/17-10:42:30.672768 7ff4c28db700               Options.memtable_whole_key_filtering: 0
2021/12/17-10:42:30.672769 7ff4c28db700   Options.memtable_huge_page_size: 0
2021/12/17-10:42:30.672770 7ff4c28db700                           Options.bloom_locality: 0
2021/12/17-10:42:30.672770 7ff4c28db700                    Options.max_successive_merges: 0
2021/12/17-10:42:30.672771 7ff4c28db700                Options.optimize_filters_for_hits: 0
2021/12/17-10:42:30.672772 7ff4c28db700                Options.paranoid_file_checks: 0
2021/12/17-10:42:30.672773 7ff4c28db700                Options.force_consistency_checks: 1
2021/12/17-10:42:30.672773 7ff4c28db700                Options.report_bg_io_stats: 0
2021/12/17-10:42:30.672774 7ff4c28db700                               Options.ttl: 2592000
2021/12/17-10:42:30.672775 7ff4c28db700          Options.periodic_compaction_seconds: 0
2021/12/17-10:42:30.672777 7ff4c28db700                    Options.enable_blob_files: false
2021/12/17-10:42:30.672778 7ff4c28db700                        Options.min_blob_size: 0
2021/12/17-10:42:30.672779 7ff4c28db700                       Options.blob_file_size: 268435456
2021/12/17-10:42:30.672780 7ff4c28db700                Options.blob_compression_type: NoCompression
2021/12/17-10:42:30.672781 7ff4c28db700       Options.enable_blob_garbage_collection: false
2021/12/17-10:42:30.672782 7ff4c28db700   Options.blob_garbage_collection_age_cutoff: 0.250000
2021/12/17-10:42:30.677512 7ff4c28db700 [/version_set.cc:4675] Recovered from manifest file:/home/ubuntu/Documents/hivemq-ce-2021.3/data/persistence/retained_messages/040500_R/retained_messages_57/MANIFEST-000001 succeeded,manifest_file_number is 1, next_file_number is 3, last_sequence is 0, log_number is 0,prev_log_number is 0,max_column_family is 0,min_log_number_to_keep is 0
2021/12/17-10:42:30.677518 7ff4c28db700 [/version_set.cc:4684] Column family [default] (ID 0), log number is 0
2021/12/17-10:42:30.678219 7ff4c28db700 [/version_set.cc:4119] Creating manifest 4
2021/12/17-10:42:30.763967 7ff4c28db700 [/db_impl/db_impl_open.cc:1757] SstFileManager instance 0x7ff4a43a4cb0
2021/12/17-10:42:30.763984 7ff4c28db700 DB pointer 0x7ff4a43abdd0
2021/12/17-10:50:52.438109 7ff4c1ccf700 [/db_impl/db_impl.cc:463] Shutdown: canceling all background work
2021/12/17-10:50:52.440156 7ff4c1ccf700 [/db_impl/db_impl.cc:642] Shutdown complete
