2021/12/17-10:42:29.538275 7ff4c1bce700 RocksDB version: 6.20.3
2021/12/17-10:42:29.538303 7ff4c1bce700 Compile date 2021-05-07 11:24:03
2021/12/17-10:42:29.538338 7ff4c1bce700 DB SUMMARY
2021/12/17-10:42:29.538340 7ff4c1bce700 DB Session ID:  CV10BRWUV1N6ZEOGKT7T
2021/12/17-10:42:29.538352 7ff4c1bce700 SST files in /home/ubuntu/Documents/hivemq-ce-2021.3/data/persistence/publish_payload_store/040500_R/publish_payload_store_54 dir, Total Num: 0, files: 
2021/12/17-10:42:29.538353 7ff4c1bce700 Write Ahead Log file in /home/ubuntu/Documents/hivemq-ce-2021.3/data/persistence/publish_payload_store/040500_R/publish_payload_store_54: 
2021/12/17-10:42:29.538355 7ff4c1bce700                         Options.error_if_exists: 0
2021/12/17-10:42:29.538356 7ff4c1bce700                       Options.create_if_missing: 1
2021/12/17-10:42:29.538357 7ff4c1bce700                         Options.paranoid_checks: 1
2021/12/17-10:42:29.538358 7ff4c1bce700                               Options.track_and_verify_wals_in_manifest: 0
2021/12/17-10:42:29.538359 7ff4c1bce700                                     Options.env: 0x7ff4c35b80a0
2021/12/17-10:42:29.538360 7ff4c1bce700                                      Options.fs: Posix File System
2021/12/17-10:42:29.538361 7ff4c1bce700                                Options.info_log: 0x7ff4b80ad070
2021/12/17-10:42:29.538362 7ff4c1bce700                Options.max_file_opening_threads: 16
2021/12/17-10:42:29.538363 7ff4c1bce700                              Options.statistics: 0x7ff4ac004d30
2021/12/17-10:42:29.538364 7ff4c1bce700                               Options.use_fsync: 0
2021/12/17-10:42:29.538365 7ff4c1bce700                       Options.max_log_file_size: 512000
2021/12/17-10:42:29.538366 7ff4c1bce700                  Options.max_manifest_file_size: 1073741824
2021/12/17-10:42:29.538367 7ff4c1bce700                   Options.log_file_time_to_roll: 0
2021/12/17-10:42:29.538368 7ff4c1bce700                       Options.keep_log_file_num: 2
2021/12/17-10:42:29.538368 7ff4c1bce700                    Options.recycle_log_file_num: 0
2021/12/17-10:42:29.538369 7ff4c1bce700                         Options.allow_fallocate: 1
2021/12/17-10:42:29.538370 7ff4c1bce700                        Options.allow_mmap_reads: 0
2021/12/17-10:42:29.538371 7ff4c1bce700                       Options.allow_mmap_writes: 0
2021/12/17-10:42:29.538372 7ff4c1bce700                        Options.use_direct_reads: 0
2021/12/17-10:42:29.538373 7ff4c1bce700                        Options.use_direct_io_for_flush_and_compaction: 0
2021/12/17-10:42:29.538373 7ff4c1bce700          Options.create_missing_column_families: 0
2021/12/17-10:42:29.538374 7ff4c1bce700                              Options.db_log_dir: 
2021/12/17-10:42:29.538375 7ff4c1bce700                                 Options.wal_dir: /home/ubuntu/Documents/hivemq-ce-2021.3/data/persistence/publish_payload_store/040500_R/publish_payload_store_54
2021/12/17-10:42:29.538376 7ff4c1bce700                Options.table_cache_numshardbits: 6
2021/12/17-10:42:29.538377 7ff4c1bce700                         Options.WAL_ttl_seconds: 0
2021/12/17-10:42:29.538378 7ff4c1bce700                       Options.WAL_size_limit_MB: 0
2021/12/17-10:42:29.538379 7ff4c1bce700                        Options.max_write_batch_group_size_bytes: 1048576
2021/12/17-10:42:29.538380 7ff4c1bce700             Options.manifest_preallocation_size: 4194304
2021/12/17-10:42:29.538380 7ff4c1bce700                     Options.is_fd_close_on_exec: 1
2021/12/17-10:42:29.538381 7ff4c1bce700                   Options.advise_random_on_open: 1
2021/12/17-10:42:29.538382 7ff4c1bce700                    Options.db_write_buffer_size: 0
2021/12/17-10:42:29.538383 7ff4c1bce700                    Options.write_buffer_manager: 0x7ff4b80988b0
2021/12/17-10:42:29.538384 7ff4c1bce700         Options.access_hint_on_compaction_start: 1
2021/12/17-10:42:29.538385 7ff4c1bce700  Options.new_table_reader_for_compaction_inputs: 0
2021/12/17-10:42:29.538385 7ff4c1bce700           Options.random_access_max_buffer_size: 1048576
2021/12/17-10:42:29.538386 7ff4c1bce700                      Options.use_adaptive_mutex: 0
2021/12/17-10:42:29.538398 7ff4c1bce700                            Options.rate_limiter: (nil)
2021/12/17-10:42:29.538399 7ff4c1bce700     Options.sst_file_manager.rate_bytes_per_sec: 0
2021/12/17-10:42:29.538400 7ff4c1bce700                       Options.wal_recovery_mode: 2
2021/12/17-10:42:29.538401 7ff4c1bce700                  Options.enable_thread_tracking: 0
2021/12/17-10:42:29.538402 7ff4c1bce700                  Options.enable_pipelined_write: 0
2021/12/17-10:42:29.538403 7ff4c1bce700                  Options.unordered_write: 0
2021/12/17-10:42:29.538404 7ff4c1bce700         Options.allow_concurrent_memtable_write: 1
2021/12/17-10:42:29.538404 7ff4c1bce700      Options.enable_write_thread_adaptive_yield: 1
2021/12/17-10:42:29.538405 7ff4c1bce700             Options.write_thread_max_yield_usec: 100
2021/12/17-10:42:29.538406 7ff4c1bce700            Options.write_thread_slow_yield_usec: 3
2021/12/17-10:42:29.538407 7ff4c1bce700                               Options.row_cache: None
2021/12/17-10:42:29.538408 7ff4c1bce700                              Options.wal_filter: None
2021/12/17-10:42:29.538409 7ff4c1bce700             Options.avoid_flush_during_recovery: 0
2021/12/17-10:42:29.538409 7ff4c1bce700             Options.allow_ingest_behind: 0
2021/12/17-10:42:29.538410 7ff4c1bce700             Options.preserve_deletes: 0
2021/12/17-10:42:29.538411 7ff4c1bce700             Options.two_write_queues: 0
2021/12/17-10:42:29.538412 7ff4c1bce700             Options.manual_wal_flush: 0
2021/12/17-10:42:29.538413 7ff4c1bce700             Options.atomic_flush: 0
2021/12/17-10:42:29.538413 7ff4c1bce700             Options.avoid_unnecessary_blocking_io: 0
2021/12/17-10:42:29.538414 7ff4c1bce700                 Options.persist_stats_to_disk: 0
2021/12/17-10:42:29.538415 7ff4c1bce700                 Options.write_dbid_to_manifest: 0
2021/12/17-10:42:29.538416 7ff4c1bce700                 Options.log_readahead_size: 0
2021/12/17-10:42:29.538417 7ff4c1bce700                 Options.file_checksum_gen_factory: Unknown
2021/12/17-10:42:29.538418 7ff4c1bce700                 Options.best_efforts_recovery: 0
2021/12/17-10:42:29.538419 7ff4c1bce700                Options.max_bgerror_resume_count: 2147483647
2021/12/17-10:42:29.538419 7ff4c1bce700            Options.bgerror_resume_retry_interval: 1000000
2021/12/17-10:42:29.538420 7ff4c1bce700             Options.allow_data_in_errors: 0
2021/12/17-10:42:29.538421 7ff4c1bce700             Options.db_host_id: __hostname__
2021/12/17-10:42:29.538422 7ff4c1bce700             Options.max_background_jobs: 2
2021/12/17-10:42:29.538423 7ff4c1bce700             Options.max_background_compactions: -1
2021/12/17-10:42:29.538424 7ff4c1bce700             Options.max_subcompactions: 1
2021/12/17-10:42:29.538425 7ff4c1bce700             Options.avoid_flush_during_shutdown: 0
2021/12/17-10:42:29.538426 7ff4c1bce700           Options.writable_file_max_buffer_size: 1048576
2021/12/17-10:42:29.538427 7ff4c1bce700             Options.delayed_write_rate : 16777216
2021/12/17-10:42:29.538427 7ff4c1bce700             Options.max_total_wal_size: 0
2021/12/17-10:42:29.538428 7ff4c1bce700             Options.delete_obsolete_files_period_micros: 21600000000
2021/12/17-10:42:29.538429 7ff4c1bce700                   Options.stats_dump_period_sec: 0
2021/12/17-10:42:29.538430 7ff4c1bce700                 Options.stats_persist_period_sec: 0
2021/12/17-10:42:29.538431 7ff4c1bce700                 Options.stats_history_buffer_size: 65536
2021/12/17-10:42:29.538432 7ff4c1bce700                          Options.max_open_files: -1
2021/12/17-10:42:29.538433 7ff4c1bce700                          Options.bytes_per_sync: 0
2021/12/17-10:42:29.538433 7ff4c1bce700                      Options.wal_bytes_per_sync: 0
2021/12/17-10:42:29.538434 7ff4c1bce700                   Options.strict_bytes_per_sync: 0
2021/12/17-10:42:29.538435 7ff4c1bce700       Options.compaction_readahead_size: 0
2021/12/17-10:42:29.538436 7ff4c1bce700                  Options.max_background_flushes: -1
2021/12/17-10:42:29.538437 7ff4c1bce700 Compression algorithms supported:
2021/12/17-10:42:29.538443 7ff4c1bce700 	kZSTDNotFinalCompression supported: 1
2021/12/17-10:42:29.538444 7ff4c1bce700 	kZSTD supported: 1
2021/12/17-10:42:29.538445 7ff4c1bce700 	kXpressCompression supported: 0
2021/12/17-10:42:29.538446 7ff4c1bce700 	kLZ4HCCompression supported: 1
2021/12/17-10:42:29.538446 7ff4c1bce700 	kLZ4Compression supported: 1
2021/12/17-10:42:29.538447 7ff4c1bce700 	kBZip2Compression supported: 1
2021/12/17-10:42:29.538448 7ff4c1bce700 	kZlibCompression supported: 1
2021/12/17-10:42:29.538449 7ff4c1bce700 	kSnappyCompression supported: 1
2021/12/17-10:42:29.538450 7ff4c1bce700 Fast CRC32 supported: Not supported on x86
2021/12/17-10:42:29.550832 7ff4c1bce700 [/db_impl/db_impl_open.cc:285] Creating manifest 1 
2021/12/17-10:42:29.586648 7ff4c1bce700 [/version_set.cc:4627] Recovering from manifest file: /home/ubuntu/Documents/hivemq-ce-2021.3/data/persistence/publish_payload_store/040500_R/publish_payload_store_54/MANIFEST-000001
2021/12/17-10:42:29.586748 7ff4c1bce700 [/column_family.cc:598] --------------- Options for column family [default]:
2021/12/17-10:42:29.586751 7ff4c1bce700               Options.comparator: leveldb.BytewiseComparator
2021/12/17-10:42:29.586752 7ff4c1bce700           Options.merge_operator: None
2021/12/17-10:42:29.586753 7ff4c1bce700        Options.compaction_filter: None
2021/12/17-10:42:29.586754 7ff4c1bce700        Options.compaction_filter_factory: None
2021/12/17-10:42:29.586755 7ff4c1bce700  Options.sst_partitioner_factory: None
2021/12/17-10:42:29.586756 7ff4c1bce700         Options.memtable_factory: SkipListFactory
2021/12/17-10:42:29.586756 7ff4c1bce700            Options.table_factory: BlockBasedTable
2021/12/17-10:42:29.586774 7ff4c1bce700            table_factory options:   flush_block_policy_factory: FlushBlockBySizePolicyFactory (0x7ff4ac079670)
  cache_index_and_filter_blocks: 0
  cache_index_and_filter_blocks_with_high_priority: 1
  pin_l0_filter_and_index_blocks_in_cache: 0
  pin_top_level_index_and_filter: 1
  index_type: 0
  data_block_index_type: 0
  index_shortening: 1
  data_block_hash_table_util_ratio: 0.750000
  hash_index_allow_collision: 1
  checksum: 1
  no_block_cache: 0
  block_cache: 0x7ff4ac005750
  block_cache_name: LRUCache
  block_cache_options:
    capacity : 128753152
    num_shard_bits : 6
    strict_capacity_limit : 0
    memory_allocator : None
    high_pri_pool_ratio: 0.000
  block_cache_compressed: (nil)
  persistent_cache: (nil)
  block_size: 32768
  block_size_deviation: 10
  block_restart_interval: 16
  index_block_restart_interval: 1
  metadata_block_size: 4096
  partition_filters: 0
  use_delta_encoding: 1
  filter_policy: nullptr
  whole_key_filtering: 1
  verify_compression: 0
  read_amp_bytes_per_bit: 0
  format_version: 5
  enable_index_compression: 1
  block_align: 0
2021/12/17-10:42:29.586776 7ff4c1bce700        Options.write_buffer_size: 4023536
2021/12/17-10:42:29.586777 7ff4c1bce700  Options.max_write_buffer_number: 2
2021/12/17-10:42:29.586778 7ff4c1bce700          Options.compression: Snappy
2021/12/17-10:42:29.586779 7ff4c1bce700                  Options.bottommost_compression: Disabled
2021/12/17-10:42:29.586780 7ff4c1bce700       Options.prefix_extractor: nullptr
2021/12/17-10:42:29.586780 7ff4c1bce700   Options.memtable_insert_with_hint_prefix_extractor: nullptr
2021/12/17-10:42:29.586781 7ff4c1bce700             Options.num_levels: 7
2021/12/17-10:42:29.586782 7ff4c1bce700        Options.min_write_buffer_number_to_merge: 1
2021/12/17-10:42:29.586783 7ff4c1bce700     Options.max_write_buffer_number_to_maintain: 0
2021/12/17-10:42:29.586784 7ff4c1bce700     Options.max_write_buffer_size_to_maintain: 0
2021/12/17-10:42:29.586785 7ff4c1bce700            Options.bottommost_compression_opts.window_bits: -14
2021/12/17-10:42:29.586786 7ff4c1bce700                  Options.bottommost_compression_opts.level: 32767
2021/12/17-10:42:29.586786 7ff4c1bce700               Options.bottommost_compression_opts.strategy: 0
2021/12/17-10:42:29.586787 7ff4c1bce700         Options.bottommost_compression_opts.max_dict_bytes: 0
2021/12/17-10:42:29.586799 7ff4c1bce700         Options.bottommost_compression_opts.zstd_max_train_bytes: 0
2021/12/17-10:42:29.586800 7ff4c1bce700         Options.bottommost_compression_opts.parallel_threads: 1
2021/12/17-10:42:29.586801 7ff4c1bce700                  Options.bottommost_compression_opts.enabled: false
2021/12/17-10:42:29.586802 7ff4c1bce700         Options.bottommost_compression_opts.max_dict_buffer_bytes: 0
2021/12/17-10:42:29.586803 7ff4c1bce700            Options.compression_opts.window_bits: -14
2021/12/17-10:42:29.586804 7ff4c1bce700                  Options.compression_opts.level: 32767
2021/12/17-10:42:29.586804 7ff4c1bce700               Options.compression_opts.strategy: 0
2021/12/17-10:42:29.586805 7ff4c1bce700         Options.compression_opts.max_dict_bytes: 0
2021/12/17-10:42:29.586806 7ff4c1bce700         Options.compression_opts.zstd_max_train_bytes: 0
2021/12/17-10:42:29.586807 7ff4c1bce700         Options.compression_opts.parallel_threads: 1
2021/12/17-10:42:29.586808 7ff4c1bce700                  Options.compression_opts.enabled: false
2021/12/17-10:42:29.586808 7ff4c1bce700         Options.compression_opts.max_dict_buffer_bytes: 0
2021/12/17-10:42:29.586809 7ff4c1bce700      Options.level0_file_num_compaction_trigger: 4
2021/12/17-10:42:29.586810 7ff4c1bce700          Options.level0_slowdown_writes_trigger: 20
2021/12/17-10:42:29.586811 7ff4c1bce700              Options.level0_stop_writes_trigger: 36
2021/12/17-10:42:29.586812 7ff4c1bce700                   Options.target_file_size_base: 67108864
2021/12/17-10:42:29.586813 7ff4c1bce700             Options.target_file_size_multiplier: 1
2021/12/17-10:42:29.586813 7ff4c1bce700                Options.max_bytes_for_level_base: 268435456
2021/12/17-10:42:29.586814 7ff4c1bce700 Options.level_compaction_dynamic_level_bytes: 0
2021/12/17-10:42:29.586816 7ff4c1bce700          Options.max_bytes_for_level_multiplier: 10.000000
2021/12/17-10:42:29.586817 7ff4c1bce700 Options.max_bytes_for_level_multiplier_addtl[0]: 1
2021/12/17-10:42:29.586818 7ff4c1bce700 Options.max_bytes_for_level_multiplier_addtl[1]: 1
2021/12/17-10:42:29.586819 7ff4c1bce700 Options.max_bytes_for_level_multiplier_addtl[2]: 1
2021/12/17-10:42:29.586819 7ff4c1bce700 Options.max_bytes_for_level_multiplier_addtl[3]: 1
2021/12/17-10:42:29.586820 7ff4c1bce700 Options.max_bytes_for_level_multiplier_addtl[4]: 1
2021/12/17-10:42:29.586821 7ff4c1bce700 Options.max_bytes_for_level_multiplier_addtl[5]: 1
2021/12/17-10:42:29.586822 7ff4c1bce700 Options.max_bytes_for_level_multiplier_addtl[6]: 1
2021/12/17-10:42:29.586823 7ff4c1bce700       Options.max_sequential_skip_in_iterations: 8
2021/12/17-10:42:29.586824 7ff4c1bce700                    Options.max_compaction_bytes: 1677721600
2021/12/17-10:42:29.586824 7ff4c1bce700                        Options.arena_block_size: 503808
2021/12/17-10:42:29.586825 7ff4c1bce700   Options.soft_pending_compaction_bytes_limit: 68719476736
2021/12/17-10:42:29.586826 7ff4c1bce700   Options.hard_pending_compaction_bytes_limit: 274877906944
2021/12/17-10:42:29.586827 7ff4c1bce700       Options.rate_limit_delay_max_milliseconds: 100
2021/12/17-10:42:29.586828 7ff4c1bce700                Options.disable_auto_compactions: 0
2021/12/17-10:42:29.586829 7ff4c1bce700                        Options.compaction_style: kCompactionStyleLevel
2021/12/17-10:42:29.586830 7ff4c1bce700                          Options.compaction_pri: kMinOverlappingRatio
2021/12/17-10:42:29.586831 7ff4c1bce700 Options.compaction_options_universal.size_ratio: 1
2021/12/17-10:42:29.586832 7ff4c1bce700 Options.compaction_options_universal.min_merge_width: 2
2021/12/17-10:42:29.586833 7ff4c1bce700 Options.compaction_options_universal.max_merge_width: 4294967295
2021/12/17-10:42:29.586833 7ff4c1bce700 Options.compaction_options_universal.max_size_amplification_percent: 200
2021/12/17-10:42:29.586834 7ff4c1bce700 Options.compaction_options_universal.compression_size_percent: -1
2021/12/17-10:42:29.586835 7ff4c1bce700 Options.compaction_options_universal.stop_style: kCompactionStopStyleTotalSize
2021/12/17-10:42:29.586840 7ff4c1bce700 Options.compaction_options_fifo.max_table_files_size: 1073741824
2021/12/17-10:42:29.586841 7ff4c1bce700 Options.compaction_options_fifo.allow_compaction: 0
2021/12/17-10:42:29.586846 7ff4c1bce700                   Options.table_properties_collectors: 
2021/12/17-10:42:29.586847 7ff4c1bce700                   Options.inplace_update_support: 0
2021/12/17-10:42:29.586849 7ff4c1bce700                 Options.inplace_update_num_locks: 10000
2021/12/17-10:42:29.586850 7ff4c1bce700               Options.memtable_prefix_bloom_size_ratio: 0.000000
2021/12/17-10:42:29.586851 7ff4c1bce700               Options.memtable_whole_key_filtering: 0
2021/12/17-10:42:29.586852 7ff4c1bce700   Options.memtable_huge_page_size: 0
2021/12/17-10:42:29.586853 7ff4c1bce700                           Options.bloom_locality: 0
2021/12/17-10:42:29.586854 7ff4c1bce700                    Options.max_successive_merges: 0
2021/12/17-10:42:29.586854 7ff4c1bce700                Options.optimize_filters_for_hits: 0
2021/12/17-10:42:29.586855 7ff4c1bce700                Options.paranoid_file_checks: 0
2021/12/17-10:42:29.586856 7ff4c1bce700                Options.force_consistency_checks: 1
2021/12/17-10:42:29.586857 7ff4c1bce700                Options.report_bg_io_stats: 0
2021/12/17-10:42:29.586858 7ff4c1bce700                               Options.ttl: 2592000
2021/12/17-10:42:29.586859 7ff4c1bce700          Options.periodic_compaction_seconds: 0
2021/12/17-10:42:29.586859 7ff4c1bce700                    Options.enable_blob_files: false
2021/12/17-10:42:29.586860 7ff4c1bce700                        Options.min_blob_size: 0
2021/12/17-10:42:29.586861 7ff4c1bce700                       Options.blob_file_size: 268435456
2021/12/17-10:42:29.586862 7ff4c1bce700                Options.blob_compression_type: NoCompression
2021/12/17-10:42:29.586863 7ff4c1bce700       Options.enable_blob_garbage_collection: false
2021/12/17-10:42:29.586864 7ff4c1bce700   Options.blob_garbage_collection_age_cutoff: 0.250000
2021/12/17-10:42:29.631756 7ff4c1bce700 [/version_set.cc:4675] Recovered from manifest file:/home/ubuntu/Documents/hivemq-ce-2021.3/data/persistence/publish_payload_store/040500_R/publish_payload_store_54/MANIFEST-000001 succeeded,manifest_file_number is 1, next_file_number is 3, last_sequence is 0, log_number is 0,prev_log_number is 0,max_column_family is 0,min_log_number_to_keep is 0
2021/12/17-10:42:29.631762 7ff4c1bce700 [/version_set.cc:4684] Column family [default] (ID 0), log number is 0
2021/12/17-10:42:29.631836 7ff4c1bce700 [/version_set.cc:4119] Creating manifest 4
2021/12/17-10:42:29.723826 7ff4c1bce700 [/db_impl/db_impl_open.cc:1757] SstFileManager instance 0x7ff4b8093550
2021/12/17-10:42:29.723843 7ff4c1bce700 DB pointer 0x7ff4b816d7f0
2021/12/17-10:50:52.601455 7ff48aff0700 [/db_impl/db_impl.cc:463] Shutdown: canceling all background work
2021/12/17-10:50:52.601557 7ff48aff0700 [/db_impl/db_impl.cc:642] Shutdown complete
