2021/12/17-10:42:29.572054 7ff4c27da700 RocksDB version: 6.20.3
2021/12/17-10:42:29.573643 7ff4c27da700 Compile date 2021-05-07 11:24:03
2021/12/17-10:42:29.573680 7ff4c27da700 DB SUMMARY
2021/12/17-10:42:29.573681 7ff4c27da700 DB Session ID:  HXL8HABKRHW336WWHFUY
2021/12/17-10:42:29.573735 7ff4c27da700 SST files in /home/ubuntu/Documents/hivemq-ce-2021.3/data/persistence/publish_payload_store/040500_R/publish_payload_store_57 dir, Total Num: 0, files: 
2021/12/17-10:42:29.573737 7ff4c27da700 Write Ahead Log file in /home/ubuntu/Documents/hivemq-ce-2021.3/data/persistence/publish_payload_store/040500_R/publish_payload_store_57: 
2021/12/17-10:42:29.573739 7ff4c27da700                         Options.error_if_exists: 0
2021/12/17-10:42:29.573740 7ff4c27da700                       Options.create_if_missing: 1
2021/12/17-10:42:29.573741 7ff4c27da700                         Options.paranoid_checks: 1
2021/12/17-10:42:29.573742 7ff4c27da700                               Options.track_and_verify_wals_in_manifest: 0
2021/12/17-10:42:29.573743 7ff4c27da700                                     Options.env: 0x7ff4c35b80a0
2021/12/17-10:42:29.573744 7ff4c27da700                                      Options.fs: Posix File System
2021/12/17-10:42:29.573745 7ff4c27da700                                Options.info_log: 0x7ff4a816e820
2021/12/17-10:42:29.573745 7ff4c27da700                Options.max_file_opening_threads: 16
2021/12/17-10:42:29.573746 7ff4c27da700                              Options.statistics: 0x7ff4ac004d30
2021/12/17-10:42:29.573747 7ff4c27da700                               Options.use_fsync: 0
2021/12/17-10:42:29.573748 7ff4c27da700                       Options.max_log_file_size: 512000
2021/12/17-10:42:29.573749 7ff4c27da700                  Options.max_manifest_file_size: 1073741824
2021/12/17-10:42:29.573750 7ff4c27da700                   Options.log_file_time_to_roll: 0
2021/12/17-10:42:29.573751 7ff4c27da700                       Options.keep_log_file_num: 2
2021/12/17-10:42:29.573752 7ff4c27da700                    Options.recycle_log_file_num: 0
2021/12/17-10:42:29.573753 7ff4c27da700                         Options.allow_fallocate: 1
2021/12/17-10:42:29.573753 7ff4c27da700                        Options.allow_mmap_reads: 0
2021/12/17-10:42:29.573754 7ff4c27da700                       Options.allow_mmap_writes: 0
2021/12/17-10:42:29.573755 7ff4c27da700                        Options.use_direct_reads: 0
2021/12/17-10:42:29.573756 7ff4c27da700                        Options.use_direct_io_for_flush_and_compaction: 0
2021/12/17-10:42:29.573759 7ff4c27da700          Options.create_missing_column_families: 0
2021/12/17-10:42:29.573760 7ff4c27da700                              Options.db_log_dir: 
2021/12/17-10:42:29.573761 7ff4c27da700                                 Options.wal_dir: /home/ubuntu/Documents/hivemq-ce-2021.3/data/persistence/publish_payload_store/040500_R/publish_payload_store_57
2021/12/17-10:42:29.573761 7ff4c27da700                Options.table_cache_numshardbits: 6
2021/12/17-10:42:29.573762 7ff4c27da700                         Options.WAL_ttl_seconds: 0
2021/12/17-10:42:29.573763 7ff4c27da700                       Options.WAL_size_limit_MB: 0
2021/12/17-10:42:29.573764 7ff4c27da700                        Options.max_write_batch_group_size_bytes: 1048576
2021/12/17-10:42:29.573765 7ff4c27da700             Options.manifest_preallocation_size: 4194304
2021/12/17-10:42:29.573766 7ff4c27da700                     Options.is_fd_close_on_exec: 1
2021/12/17-10:42:29.573767 7ff4c27da700                   Options.advise_random_on_open: 1
2021/12/17-10:42:29.573768 7ff4c27da700                    Options.db_write_buffer_size: 0
2021/12/17-10:42:29.573768 7ff4c27da700                    Options.write_buffer_manager: 0x7ff4a818e5f0
2021/12/17-10:42:29.573769 7ff4c27da700         Options.access_hint_on_compaction_start: 1
2021/12/17-10:42:29.573770 7ff4c27da700  Options.new_table_reader_for_compaction_inputs: 0
2021/12/17-10:42:29.573771 7ff4c27da700           Options.random_access_max_buffer_size: 1048576
2021/12/17-10:42:29.573772 7ff4c27da700                      Options.use_adaptive_mutex: 0
2021/12/17-10:42:29.573781 7ff4c27da700                            Options.rate_limiter: (nil)
2021/12/17-10:42:29.573782 7ff4c27da700     Options.sst_file_manager.rate_bytes_per_sec: 0
2021/12/17-10:42:29.573783 7ff4c27da700                       Options.wal_recovery_mode: 2
2021/12/17-10:42:29.573784 7ff4c27da700                  Options.enable_thread_tracking: 0
2021/12/17-10:42:29.573785 7ff4c27da700                  Options.enable_pipelined_write: 0
2021/12/17-10:42:29.573786 7ff4c27da700                  Options.unordered_write: 0
2021/12/17-10:42:29.573786 7ff4c27da700         Options.allow_concurrent_memtable_write: 1
2021/12/17-10:42:29.573787 7ff4c27da700      Options.enable_write_thread_adaptive_yield: 1
2021/12/17-10:42:29.573788 7ff4c27da700             Options.write_thread_max_yield_usec: 100
2021/12/17-10:42:29.573789 7ff4c27da700            Options.write_thread_slow_yield_usec: 3
2021/12/17-10:42:29.573790 7ff4c27da700                               Options.row_cache: None
2021/12/17-10:42:29.573791 7ff4c27da700                              Options.wal_filter: None
2021/12/17-10:42:29.573792 7ff4c27da700             Options.avoid_flush_during_recovery: 0
2021/12/17-10:42:29.573792 7ff4c27da700             Options.allow_ingest_behind: 0
2021/12/17-10:42:29.573793 7ff4c27da700             Options.preserve_deletes: 0
2021/12/17-10:42:29.573794 7ff4c27da700             Options.two_write_queues: 0
2021/12/17-10:42:29.573795 7ff4c27da700             Options.manual_wal_flush: 0
2021/12/17-10:42:29.573795 7ff4c27da700             Options.atomic_flush: 0
2021/12/17-10:42:29.573796 7ff4c27da700             Options.avoid_unnecessary_blocking_io: 0
2021/12/17-10:42:29.573797 7ff4c27da700                 Options.persist_stats_to_disk: 0
2021/12/17-10:42:29.573798 7ff4c27da700                 Options.write_dbid_to_manifest: 0
2021/12/17-10:42:29.573799 7ff4c27da700                 Options.log_readahead_size: 0
2021/12/17-10:42:29.573800 7ff4c27da700                 Options.file_checksum_gen_factory: Unknown
2021/12/17-10:42:29.573800 7ff4c27da700                 Options.best_efforts_recovery: 0
2021/12/17-10:42:29.573801 7ff4c27da700                Options.max_bgerror_resume_count: 2147483647
2021/12/17-10:42:29.573802 7ff4c27da700            Options.bgerror_resume_retry_interval: 1000000
2021/12/17-10:42:29.573803 7ff4c27da700             Options.allow_data_in_errors: 0
2021/12/17-10:42:29.573804 7ff4c27da700             Options.db_host_id: __hostname__
2021/12/17-10:42:29.573805 7ff4c27da700             Options.max_background_jobs: 2
2021/12/17-10:42:29.573806 7ff4c27da700             Options.max_background_compactions: -1
2021/12/17-10:42:29.573807 7ff4c27da700             Options.max_subcompactions: 1
2021/12/17-10:42:29.573808 7ff4c27da700             Options.avoid_flush_during_shutdown: 0
2021/12/17-10:42:29.573808 7ff4c27da700           Options.writable_file_max_buffer_size: 1048576
2021/12/17-10:42:29.573809 7ff4c27da700             Options.delayed_write_rate : 16777216
2021/12/17-10:42:29.573810 7ff4c27da700             Options.max_total_wal_size: 0
2021/12/17-10:42:29.573811 7ff4c27da700             Options.delete_obsolete_files_period_micros: 21600000000
2021/12/17-10:42:29.573812 7ff4c27da700                   Options.stats_dump_period_sec: 0
2021/12/17-10:42:29.573813 7ff4c27da700                 Options.stats_persist_period_sec: 0
2021/12/17-10:42:29.573814 7ff4c27da700                 Options.stats_history_buffer_size: 65536
2021/12/17-10:42:29.573815 7ff4c27da700                          Options.max_open_files: -1
2021/12/17-10:42:29.573816 7ff4c27da700                          Options.bytes_per_sync: 0
2021/12/17-10:42:29.573816 7ff4c27da700                      Options.wal_bytes_per_sync: 0
2021/12/17-10:42:29.573817 7ff4c27da700                   Options.strict_bytes_per_sync: 0
2021/12/17-10:42:29.573818 7ff4c27da700       Options.compaction_readahead_size: 0
2021/12/17-10:42:29.573819 7ff4c27da700                  Options.max_background_flushes: -1
2021/12/17-10:42:29.573820 7ff4c27da700 Compression algorithms supported:
2021/12/17-10:42:29.573825 7ff4c27da700 	kZSTDNotFinalCompression supported: 1
2021/12/17-10:42:29.573826 7ff4c27da700 	kZSTD supported: 1
2021/12/17-10:42:29.573827 7ff4c27da700 	kXpressCompression supported: 0
2021/12/17-10:42:29.573828 7ff4c27da700 	kLZ4HCCompression supported: 1
2021/12/17-10:42:29.573829 7ff4c27da700 	kLZ4Compression supported: 1
2021/12/17-10:42:29.573830 7ff4c27da700 	kBZip2Compression supported: 1
2021/12/17-10:42:29.580995 7ff4c27da700 	kZlibCompression supported: 1
2021/12/17-10:42:29.581001 7ff4c27da700 	kSnappyCompression supported: 1
2021/12/17-10:42:29.581003 7ff4c27da700 Fast CRC32 supported: Not supported on x86
2021/12/17-10:42:29.600112 7ff4c27da700 [/db_impl/db_impl_open.cc:285] Creating manifest 1 
2021/12/17-10:42:29.697481 7ff4c27da700 [/version_set.cc:4627] Recovering from manifest file: /home/ubuntu/Documents/hivemq-ce-2021.3/data/persistence/publish_payload_store/040500_R/publish_payload_store_57/MANIFEST-000001
2021/12/17-10:42:29.697576 7ff4c27da700 [/column_family.cc:598] --------------- Options for column family [default]:
2021/12/17-10:42:29.697579 7ff4c27da700               Options.comparator: leveldb.BytewiseComparator
2021/12/17-10:42:29.697675 7ff4c27da700           Options.merge_operator: None
2021/12/17-10:42:29.697679 7ff4c27da700        Options.compaction_filter: None
2021/12/17-10:42:29.697681 7ff4c27da700        Options.compaction_filter_factory: None
2021/12/17-10:42:29.697682 7ff4c27da700  Options.sst_partitioner_factory: None
2021/12/17-10:42:29.697683 7ff4c27da700         Options.memtable_factory: SkipListFactory
2021/12/17-10:42:29.697684 7ff4c27da700            Options.table_factory: BlockBasedTable
2021/12/17-10:42:29.697704 7ff4c27da700            table_factory options:   flush_block_policy_factory: FlushBlockBySizePolicyFactory (0x7ff4ac079670)
  cache_index_and_filter_blocks: 0
  cache_index_and_filter_blocks_with_high_priority: 1
  pin_l0_filter_and_index_blocks_in_cache: 0
  pin_top_level_index_and_filter: 1
  index_type: 0
  data_block_index_type: 0
  index_shortening: 1
  data_block_hash_table_util_ratio: 0.750000
  hash_index_allow_collision: 1
  checksum: 1
  no_block_cache: 0
  block_cache: 0x7ff4ac005750
  block_cache_name: LRUCache
  block_cache_options:
    capacity : 128753152
    num_shard_bits : 6
    strict_capacity_limit : 0
    memory_allocator : None
    high_pri_pool_ratio: 0.000
  block_cache_compressed: (nil)
  persistent_cache: (nil)
  block_size: 32768
  block_size_deviation: 10
  block_restart_interval: 16
  index_block_restart_interval: 1
  metadata_block_size: 4096
  partition_filters: 0
  use_delta_encoding: 1
  filter_policy: nullptr
  whole_key_filtering: 1
  verify_compression: 0
  read_amp_bytes_per_bit: 0
  format_version: 5
  enable_index_compression: 1
  block_align: 0
2021/12/17-10:42:29.697708 7ff4c27da700        Options.write_buffer_size: 4023536
2021/12/17-10:42:29.697709 7ff4c27da700  Options.max_write_buffer_number: 2
2021/12/17-10:42:29.697710 7ff4c27da700          Options.compression: Snappy
2021/12/17-10:42:29.697711 7ff4c27da700                  Options.bottommost_compression: Disabled
2021/12/17-10:42:29.697712 7ff4c27da700       Options.prefix_extractor: nullptr
2021/12/17-10:42:29.697713 7ff4c27da700   Options.memtable_insert_with_hint_prefix_extractor: nullptr
2021/12/17-10:42:29.697714 7ff4c27da700             Options.num_levels: 7
2021/12/17-10:42:29.697714 7ff4c27da700        Options.min_write_buffer_number_to_merge: 1
2021/12/17-10:42:29.697715 7ff4c27da700     Options.max_write_buffer_number_to_maintain: 0
2021/12/17-10:42:29.697716 7ff4c27da700     Options.max_write_buffer_size_to_maintain: 0
2021/12/17-10:42:29.697717 7ff4c27da700            Options.bottommost_compression_opts.window_bits: -14
2021/12/17-10:42:29.697718 7ff4c27da700                  Options.bottommost_compression_opts.level: 32767
2021/12/17-10:42:29.697719 7ff4c27da700               Options.bottommost_compression_opts.strategy: 0
2021/12/17-10:42:29.697719 7ff4c27da700         Options.bottommost_compression_opts.max_dict_bytes: 0
2021/12/17-10:42:29.697847 7ff4c27da700         Options.bottommost_compression_opts.zstd_max_train_bytes: 0
2021/12/17-10:42:29.697849 7ff4c27da700         Options.bottommost_compression_opts.parallel_threads: 1
2021/12/17-10:42:29.697850 7ff4c27da700                  Options.bottommost_compression_opts.enabled: false
2021/12/17-10:42:29.697852 7ff4c27da700         Options.bottommost_compression_opts.max_dict_buffer_bytes: 0
2021/12/17-10:42:29.697853 7ff4c27da700            Options.compression_opts.window_bits: -14
2021/12/17-10:42:29.697854 7ff4c27da700                  Options.compression_opts.level: 32767
2021/12/17-10:42:29.697855 7ff4c27da700               Options.compression_opts.strategy: 0
2021/12/17-10:42:29.697856 7ff4c27da700         Options.compression_opts.max_dict_bytes: 0
2021/12/17-10:42:29.697857 7ff4c27da700         Options.compression_opts.zstd_max_train_bytes: 0
2021/12/17-10:42:29.697858 7ff4c27da700         Options.compression_opts.parallel_threads: 1
2021/12/17-10:42:29.697859 7ff4c27da700                  Options.compression_opts.enabled: false
2021/12/17-10:42:29.697860 7ff4c27da700         Options.compression_opts.max_dict_buffer_bytes: 0
2021/12/17-10:42:29.697861 7ff4c27da700      Options.level0_file_num_compaction_trigger: 4
2021/12/17-10:42:29.697862 7ff4c27da700          Options.level0_slowdown_writes_trigger: 20
2021/12/17-10:42:29.697863 7ff4c27da700              Options.level0_stop_writes_trigger: 36
2021/12/17-10:42:29.697864 7ff4c27da700                   Options.target_file_size_base: 67108864
2021/12/17-10:42:29.697865 7ff4c27da700             Options.target_file_size_multiplier: 1
2021/12/17-10:42:29.697866 7ff4c27da700                Options.max_bytes_for_level_base: 268435456
2021/12/17-10:42:29.697867 7ff4c27da700 Options.level_compaction_dynamic_level_bytes: 0
2021/12/17-10:42:29.697869 7ff4c27da700          Options.max_bytes_for_level_multiplier: 10.000000
2021/12/17-10:42:29.697870 7ff4c27da700 Options.max_bytes_for_level_multiplier_addtl[0]: 1
2021/12/17-10:42:29.697871 7ff4c27da700 Options.max_bytes_for_level_multiplier_addtl[1]: 1
2021/12/17-10:42:29.697872 7ff4c27da700 Options.max_bytes_for_level_multiplier_addtl[2]: 1
2021/12/17-10:42:29.697873 7ff4c27da700 Options.max_bytes_for_level_multiplier_addtl[3]: 1
2021/12/17-10:42:29.697874 7ff4c27da700 Options.max_bytes_for_level_multiplier_addtl[4]: 1
2021/12/17-10:42:29.697875 7ff4c27da700 Options.max_bytes_for_level_multiplier_addtl[5]: 1
2021/12/17-10:42:29.697876 7ff4c27da700 Options.max_bytes_for_level_multiplier_addtl[6]: 1
2021/12/17-10:42:29.697877 7ff4c27da700       Options.max_sequential_skip_in_iterations: 8
2021/12/17-10:42:29.697878 7ff4c27da700                    Options.max_compaction_bytes: 1677721600
2021/12/17-10:42:29.697879 7ff4c27da700                        Options.arena_block_size: 503808
2021/12/17-10:42:29.697880 7ff4c27da700   Options.soft_pending_compaction_bytes_limit: 68719476736
2021/12/17-10:42:29.697881 7ff4c27da700   Options.hard_pending_compaction_bytes_limit: 274877906944
2021/12/17-10:42:29.697882 7ff4c27da700       Options.rate_limit_delay_max_milliseconds: 100
2021/12/17-10:42:29.697883 7ff4c27da700                Options.disable_auto_compactions: 0
2021/12/17-10:42:29.697884 7ff4c27da700                        Options.compaction_style: kCompactionStyleLevel
2021/12/17-10:42:29.697885 7ff4c27da700                          Options.compaction_pri: kMinOverlappingRatio
2021/12/17-10:42:29.697886 7ff4c27da700 Options.compaction_options_universal.size_ratio: 1
2021/12/17-10:42:29.697887 7ff4c27da700 Options.compaction_options_universal.min_merge_width: 2
2021/12/17-10:42:29.697888 7ff4c27da700 Options.compaction_options_universal.max_merge_width: 4294967295
2021/12/17-10:42:29.697889 7ff4c27da700 Options.compaction_options_universal.max_size_amplification_percent: 200
2021/12/17-10:42:29.697890 7ff4c27da700 Options.compaction_options_universal.compression_size_percent: -1
2021/12/17-10:42:29.697891 7ff4c27da700 Options.compaction_options_universal.stop_style: kCompactionStopStyleTotalSize
2021/12/17-10:42:29.697902 7ff4c27da700 Options.compaction_options_fifo.max_table_files_size: 1073741824
2021/12/17-10:42:29.697903 7ff4c27da700 Options.compaction_options_fifo.allow_compaction: 0
2021/12/17-10:42:29.697907 7ff4c27da700                   Options.table_properties_collectors: 
2021/12/17-10:42:29.697908 7ff4c27da700                   Options.inplace_update_support: 0
2021/12/17-10:42:29.697909 7ff4c27da700                 Options.inplace_update_num_locks: 10000
2021/12/17-10:42:29.697910 7ff4c27da700               Options.memtable_prefix_bloom_size_ratio: 0.000000
2021/12/17-10:42:29.697911 7ff4c27da700               Options.memtable_whole_key_filtering: 0
2021/12/17-10:42:29.697912 7ff4c27da700   Options.memtable_huge_page_size: 0
2021/12/17-10:42:29.697913 7ff4c27da700                           Options.bloom_locality: 0
2021/12/17-10:42:29.697914 7ff4c27da700                    Options.max_successive_merges: 0
2021/12/17-10:42:29.697915 7ff4c27da700                Options.optimize_filters_for_hits: 0
2021/12/17-10:42:29.697916 7ff4c27da700                Options.paranoid_file_checks: 0
2021/12/17-10:42:29.697917 7ff4c27da700                Options.force_consistency_checks: 1
2021/12/17-10:42:29.697917 7ff4c27da700                Options.report_bg_io_stats: 0
2021/12/17-10:42:29.697918 7ff4c27da700                               Options.ttl: 2592000
2021/12/17-10:42:29.697919 7ff4c27da700          Options.periodic_compaction_seconds: 0
2021/12/17-10:42:29.697920 7ff4c27da700                    Options.enable_blob_files: false
2021/12/17-10:42:29.697924 7ff4c27da700                        Options.min_blob_size: 0
2021/12/17-10:42:29.697925 7ff4c27da700                       Options.blob_file_size: 268435456
2021/12/17-10:42:29.697926 7ff4c27da700                Options.blob_compression_type: NoCompression
2021/12/17-10:42:29.697927 7ff4c27da700       Options.enable_blob_garbage_collection: false
2021/12/17-10:42:29.697929 7ff4c27da700   Options.blob_garbage_collection_age_cutoff: 0.250000
2021/12/17-10:42:29.725191 7ff4c27da700 [/version_set.cc:4675] Recovered from manifest file:/home/ubuntu/Documents/hivemq-ce-2021.3/data/persistence/publish_payload_store/040500_R/publish_payload_store_57/MANIFEST-000001 succeeded,manifest_file_number is 1, next_file_number is 3, last_sequence is 0, log_number is 0,prev_log_number is 0,max_column_family is 0,min_log_number_to_keep is 0
2021/12/17-10:42:29.725195 7ff4c27da700 [/version_set.cc:4684] Column family [default] (ID 0), log number is 0
2021/12/17-10:42:29.725259 7ff4c27da700 [/version_set.cc:4119] Creating manifest 4
2021/12/17-10:42:29.857592 7ff4c27da700 [/db_impl/db_impl_open.cc:1757] SstFileManager instance 0x7ff4a818b520
2021/12/17-10:42:29.857609 7ff4c27da700 DB pointer 0x7ff4a81d6cb0
2021/12/17-10:50:52.602044 7ff48aff0700 [/db_impl/db_impl.cc:463] Shutdown: canceling all background work
2021/12/17-10:50:52.602171 7ff48aff0700 [/db_impl/db_impl.cc:642] Shutdown complete
