2021/12/17-10:42:30.188341 7ff4c24d7700 RocksDB version: 6.20.3
2021/12/17-10:42:30.188364 7ff4c24d7700 Compile date 2021-05-07 11:24:03
2021/12/17-10:42:30.188392 7ff4c24d7700 DB SUMMARY
2021/12/17-10:42:30.188394 7ff4c24d7700 DB Session ID:  JGSL4A1GJS26H53FZ300
2021/12/17-10:42:30.188406 7ff4c24d7700 SST files in /home/ubuntu/Documents/hivemq-ce-2021.3/data/persistence/retained_messages/040500_R/retained_messages_34 dir, Total Num: 0, files: 
2021/12/17-10:42:30.188407 7ff4c24d7700 Write Ahead Log file in /home/ubuntu/Documents/hivemq-ce-2021.3/data/persistence/retained_messages/040500_R/retained_messages_34: 
2021/12/17-10:42:30.188409 7ff4c24d7700                         Options.error_if_exists: 0
2021/12/17-10:42:30.188410 7ff4c24d7700                       Options.create_if_missing: 1
2021/12/17-10:42:30.188410 7ff4c24d7700                         Options.paranoid_checks: 1
2021/12/17-10:42:30.188411 7ff4c24d7700                               Options.track_and_verify_wals_in_manifest: 0
2021/12/17-10:42:30.188412 7ff4c24d7700                                     Options.env: 0x7ff4c35b80a0
2021/12/17-10:42:30.188414 7ff4c24d7700                                      Options.fs: Posix File System
2021/12/17-10:42:30.188414 7ff4c24d7700                                Options.info_log: 0x7ff4942db990
2021/12/17-10:42:30.188415 7ff4c24d7700                Options.max_file_opening_threads: 16
2021/12/17-10:42:30.188416 7ff4c24d7700                              Options.statistics: 0x7ff4a0003190
2021/12/17-10:42:30.188417 7ff4c24d7700                               Options.use_fsync: 0
2021/12/17-10:42:30.188418 7ff4c24d7700                       Options.max_log_file_size: 512000
2021/12/17-10:42:30.188419 7ff4c24d7700                  Options.max_manifest_file_size: 1073741824
2021/12/17-10:42:30.188419 7ff4c24d7700                   Options.log_file_time_to_roll: 0
2021/12/17-10:42:30.188420 7ff4c24d7700                       Options.keep_log_file_num: 2
2021/12/17-10:42:30.188421 7ff4c24d7700                    Options.recycle_log_file_num: 0
2021/12/17-10:42:30.188422 7ff4c24d7700                         Options.allow_fallocate: 1
2021/12/17-10:42:30.188422 7ff4c24d7700                        Options.allow_mmap_reads: 0
2021/12/17-10:42:30.188423 7ff4c24d7700                       Options.allow_mmap_writes: 0
2021/12/17-10:42:30.188424 7ff4c24d7700                        Options.use_direct_reads: 0
2021/12/17-10:42:30.188425 7ff4c24d7700                        Options.use_direct_io_for_flush_and_compaction: 0
2021/12/17-10:42:30.188426 7ff4c24d7700          Options.create_missing_column_families: 0
2021/12/17-10:42:30.188427 7ff4c24d7700                              Options.db_log_dir: 
2021/12/17-10:42:30.188428 7ff4c24d7700                                 Options.wal_dir: /home/ubuntu/Documents/hivemq-ce-2021.3/data/persistence/retained_messages/040500_R/retained_messages_34
2021/12/17-10:42:30.188428 7ff4c24d7700                Options.table_cache_numshardbits: 6
2021/12/17-10:42:30.188429 7ff4c24d7700                         Options.WAL_ttl_seconds: 0
2021/12/17-10:42:30.188430 7ff4c24d7700                       Options.WAL_size_limit_MB: 0
2021/12/17-10:42:30.188431 7ff4c24d7700                        Options.max_write_batch_group_size_bytes: 1048576
2021/12/17-10:42:30.188432 7ff4c24d7700             Options.manifest_preallocation_size: 4194304
2021/12/17-10:42:30.188433 7ff4c24d7700                     Options.is_fd_close_on_exec: 1
2021/12/17-10:42:30.188433 7ff4c24d7700                   Options.advise_random_on_open: 1
2021/12/17-10:42:30.188434 7ff4c24d7700                    Options.db_write_buffer_size: 0
2021/12/17-10:42:30.188435 7ff4c24d7700                    Options.write_buffer_manager: 0x7ff4943251f0
2021/12/17-10:42:30.188436 7ff4c24d7700         Options.access_hint_on_compaction_start: 1
2021/12/17-10:42:30.188436 7ff4c24d7700  Options.new_table_reader_for_compaction_inputs: 0
2021/12/17-10:42:30.188437 7ff4c24d7700           Options.random_access_max_buffer_size: 1048576
2021/12/17-10:42:30.188438 7ff4c24d7700                      Options.use_adaptive_mutex: 0
2021/12/17-10:42:30.188449 7ff4c24d7700                            Options.rate_limiter: (nil)
2021/12/17-10:42:30.188451 7ff4c24d7700     Options.sst_file_manager.rate_bytes_per_sec: 0
2021/12/17-10:42:30.188451 7ff4c24d7700                       Options.wal_recovery_mode: 2
2021/12/17-10:42:30.188452 7ff4c24d7700                  Options.enable_thread_tracking: 0
2021/12/17-10:42:30.188453 7ff4c24d7700                  Options.enable_pipelined_write: 0
2021/12/17-10:42:30.188454 7ff4c24d7700                  Options.unordered_write: 0
2021/12/17-10:42:30.188454 7ff4c24d7700         Options.allow_concurrent_memtable_write: 1
2021/12/17-10:42:30.188455 7ff4c24d7700      Options.enable_write_thread_adaptive_yield: 1
2021/12/17-10:42:30.188456 7ff4c24d7700             Options.write_thread_max_yield_usec: 100
2021/12/17-10:42:30.188457 7ff4c24d7700            Options.write_thread_slow_yield_usec: 3
2021/12/17-10:42:30.188458 7ff4c24d7700                               Options.row_cache: None
2021/12/17-10:42:30.188459 7ff4c24d7700                              Options.wal_filter: None
2021/12/17-10:42:30.188459 7ff4c24d7700             Options.avoid_flush_during_recovery: 0
2021/12/17-10:42:30.188460 7ff4c24d7700             Options.allow_ingest_behind: 0
2021/12/17-10:42:30.188461 7ff4c24d7700             Options.preserve_deletes: 0
2021/12/17-10:42:30.188462 7ff4c24d7700             Options.two_write_queues: 0
2021/12/17-10:42:30.188463 7ff4c24d7700             Options.manual_wal_flush: 0
2021/12/17-10:42:30.188463 7ff4c24d7700             Options.atomic_flush: 0
2021/12/17-10:42:30.188464 7ff4c24d7700             Options.avoid_unnecessary_blocking_io: 0
2021/12/17-10:42:30.188465 7ff4c24d7700                 Options.persist_stats_to_disk: 0
2021/12/17-10:42:30.188466 7ff4c24d7700                 Options.write_dbid_to_manifest: 0
2021/12/17-10:42:30.188467 7ff4c24d7700                 Options.log_readahead_size: 0
2021/12/17-10:42:30.188467 7ff4c24d7700                 Options.file_checksum_gen_factory: Unknown
2021/12/17-10:42:30.188468 7ff4c24d7700                 Options.best_efforts_recovery: 0
2021/12/17-10:42:30.188469 7ff4c24d7700                Options.max_bgerror_resume_count: 2147483647
2021/12/17-10:42:30.188470 7ff4c24d7700            Options.bgerror_resume_retry_interval: 1000000
2021/12/17-10:42:30.188471 7ff4c24d7700             Options.allow_data_in_errors: 0
2021/12/17-10:42:30.188471 7ff4c24d7700             Options.db_host_id: __hostname__
2021/12/17-10:42:30.188472 7ff4c24d7700             Options.max_background_jobs: 2
2021/12/17-10:42:30.188473 7ff4c24d7700             Options.max_background_compactions: -1
2021/12/17-10:42:30.188474 7ff4c24d7700             Options.max_subcompactions: 1
2021/12/17-10:42:30.188475 7ff4c24d7700             Options.avoid_flush_during_shutdown: 0
2021/12/17-10:42:30.188476 7ff4c24d7700           Options.writable_file_max_buffer_size: 1048576
2021/12/17-10:42:30.188476 7ff4c24d7700             Options.delayed_write_rate : 16777216
2021/12/17-10:42:30.188477 7ff4c24d7700             Options.max_total_wal_size: 0
2021/12/17-10:42:30.188478 7ff4c24d7700             Options.delete_obsolete_files_period_micros: 21600000000
2021/12/17-10:42:30.188479 7ff4c24d7700                   Options.stats_dump_period_sec: 0
2021/12/17-10:42:30.188480 7ff4c24d7700                 Options.stats_persist_period_sec: 0
2021/12/17-10:42:30.188481 7ff4c24d7700                 Options.stats_history_buffer_size: 65536
2021/12/17-10:42:30.188482 7ff4c24d7700                          Options.max_open_files: -1
2021/12/17-10:42:30.188482 7ff4c24d7700                          Options.bytes_per_sync: 0
2021/12/17-10:42:30.188483 7ff4c24d7700                      Options.wal_bytes_per_sync: 0
2021/12/17-10:42:30.188484 7ff4c24d7700                   Options.strict_bytes_per_sync: 0
2021/12/17-10:42:30.188485 7ff4c24d7700       Options.compaction_readahead_size: 0
2021/12/17-10:42:30.188486 7ff4c24d7700                  Options.max_background_flushes: -1
2021/12/17-10:42:30.188486 7ff4c24d7700 Compression algorithms supported:
2021/12/17-10:42:30.188493 7ff4c24d7700 	kZSTDNotFinalCompression supported: 1
2021/12/17-10:42:30.188494 7ff4c24d7700 	kZSTD supported: 1
2021/12/17-10:42:30.188495 7ff4c24d7700 	kXpressCompression supported: 0
2021/12/17-10:42:30.188496 7ff4c24d7700 	kLZ4HCCompression supported: 1
2021/12/17-10:42:30.188497 7ff4c24d7700 	kLZ4Compression supported: 1
2021/12/17-10:42:30.188497 7ff4c24d7700 	kBZip2Compression supported: 1
2021/12/17-10:42:30.188498 7ff4c24d7700 	kZlibCompression supported: 1
2021/12/17-10:42:30.188499 7ff4c24d7700 	kSnappyCompression supported: 1
2021/12/17-10:42:30.188501 7ff4c24d7700 Fast CRC32 supported: Not supported on x86
2021/12/17-10:42:30.206390 7ff4c24d7700 [/db_impl/db_impl_open.cc:285] Creating manifest 1 
2021/12/17-10:42:30.269691 7ff4c24d7700 [/version_set.cc:4627] Recovering from manifest file: /home/ubuntu/Documents/hivemq-ce-2021.3/data/persistence/retained_messages/040500_R/retained_messages_34/MANIFEST-000001
2021/12/17-10:42:30.270133 7ff4c24d7700 [/column_family.cc:598] --------------- Options for column family [default]:
2021/12/17-10:42:30.270138 7ff4c24d7700               Options.comparator: leveldb.BytewiseComparator
2021/12/17-10:42:30.270226 7ff4c24d7700           Options.merge_operator: None
2021/12/17-10:42:30.270229 7ff4c24d7700        Options.compaction_filter: None
2021/12/17-10:42:30.270231 7ff4c24d7700        Options.compaction_filter_factory: None
2021/12/17-10:42:30.270232 7ff4c24d7700  Options.sst_partitioner_factory: None
2021/12/17-10:42:30.270235 7ff4c24d7700         Options.memtable_factory: SkipListFactory
2021/12/17-10:42:30.270236 7ff4c24d7700            Options.table_factory: BlockBasedTable
2021/12/17-10:42:30.270374 7ff4c24d7700            table_factory options:   flush_block_policy_factory: FlushBlockBySizePolicyFactory (0x7ff4a006ca20)
  cache_index_and_filter_blocks: 0
  cache_index_and_filter_blocks_with_high_priority: 1
  pin_l0_filter_and_index_blocks_in_cache: 0
  pin_top_level_index_and_filter: 1
  index_type: 0
  data_block_index_type: 0
  index_shortening: 1
  data_block_hash_table_util_ratio: 0.750000
  hash_index_allow_collision: 1
  checksum: 1
  no_block_cache: 0
  block_cache: 0x7ff4a006c9a0
  block_cache_name: LRUCache
  block_cache_options:
    capacity : 128753152
    num_shard_bits : 6
    strict_capacity_limit : 0
    memory_allocator : None
    high_pri_pool_ratio: 0.000
  block_cache_compressed: (nil)
  persistent_cache: (nil)
  block_size: 32768
  block_size_deviation: 10
  block_restart_interval: 16
  index_block_restart_interval: 1
  metadata_block_size: 4096
  partition_filters: 0
  use_delta_encoding: 1
  filter_policy: nullptr
  whole_key_filtering: 1
  verify_compression: 0
  read_amp_bytes_per_bit: 0
  format_version: 5
  enable_index_compression: 1
  block_align: 0
2021/12/17-10:42:30.270467 7ff4c24d7700        Options.write_buffer_size: 4023536
2021/12/17-10:42:30.270469 7ff4c24d7700  Options.max_write_buffer_number: 2
2021/12/17-10:42:30.270471 7ff4c24d7700          Options.compression: Snappy
2021/12/17-10:42:30.270472 7ff4c24d7700                  Options.bottommost_compression: Disabled
2021/12/17-10:42:30.270473 7ff4c24d7700       Options.prefix_extractor: nullptr
2021/12/17-10:42:30.270474 7ff4c24d7700   Options.memtable_insert_with_hint_prefix_extractor: nullptr
2021/12/17-10:42:30.270476 7ff4c24d7700             Options.num_levels: 7
2021/12/17-10:42:30.270477 7ff4c24d7700        Options.min_write_buffer_number_to_merge: 1
2021/12/17-10:42:30.270478 7ff4c24d7700     Options.max_write_buffer_number_to_maintain: 0
2021/12/17-10:42:30.270479 7ff4c24d7700     Options.max_write_buffer_size_to_maintain: 0
2021/12/17-10:42:30.270480 7ff4c24d7700            Options.bottommost_compression_opts.window_bits: -14
2021/12/17-10:42:30.270482 7ff4c24d7700                  Options.bottommost_compression_opts.level: 32767
2021/12/17-10:42:30.270483 7ff4c24d7700               Options.bottommost_compression_opts.strategy: 0
2021/12/17-10:42:30.270484 7ff4c24d7700         Options.bottommost_compression_opts.max_dict_bytes: 0
2021/12/17-10:42:30.270583 7ff4c24d7700         Options.bottommost_compression_opts.zstd_max_train_bytes: 0
2021/12/17-10:42:30.270586 7ff4c24d7700         Options.bottommost_compression_opts.parallel_threads: 1
2021/12/17-10:42:30.270587 7ff4c24d7700                  Options.bottommost_compression_opts.enabled: false
2021/12/17-10:42:30.270588 7ff4c24d7700         Options.bottommost_compression_opts.max_dict_buffer_bytes: 0
2021/12/17-10:42:30.270589 7ff4c24d7700            Options.compression_opts.window_bits: -14
2021/12/17-10:42:30.270591 7ff4c24d7700                  Options.compression_opts.level: 32767
2021/12/17-10:42:30.270592 7ff4c24d7700               Options.compression_opts.strategy: 0
2021/12/17-10:42:30.270593 7ff4c24d7700         Options.compression_opts.max_dict_bytes: 0
2021/12/17-10:42:30.270594 7ff4c24d7700         Options.compression_opts.zstd_max_train_bytes: 0
2021/12/17-10:42:30.270595 7ff4c24d7700         Options.compression_opts.parallel_threads: 1
2021/12/17-10:42:30.270676 7ff4c24d7700                  Options.compression_opts.enabled: false
2021/12/17-10:42:30.270677 7ff4c24d7700         Options.compression_opts.max_dict_buffer_bytes: 0
2021/12/17-10:42:30.270678 7ff4c24d7700      Options.level0_file_num_compaction_trigger: 4
2021/12/17-10:42:30.270679 7ff4c24d7700          Options.level0_slowdown_writes_trigger: 20
2021/12/17-10:42:30.270681 7ff4c24d7700              Options.level0_stop_writes_trigger: 36
2021/12/17-10:42:30.270682 7ff4c24d7700                   Options.target_file_size_base: 67108864
2021/12/17-10:42:30.270683 7ff4c24d7700             Options.target_file_size_multiplier: 1
2021/12/17-10:42:30.270684 7ff4c24d7700                Options.max_bytes_for_level_base: 268435456
2021/12/17-10:42:30.270685 7ff4c24d7700 Options.level_compaction_dynamic_level_bytes: 0
2021/12/17-10:42:30.270687 7ff4c24d7700          Options.max_bytes_for_level_multiplier: 10.000000
2021/12/17-10:42:30.270689 7ff4c24d7700 Options.max_bytes_for_level_multiplier_addtl[0]: 1
2021/12/17-10:42:30.270690 7ff4c24d7700 Options.max_bytes_for_level_multiplier_addtl[1]: 1
2021/12/17-10:42:30.270691 7ff4c24d7700 Options.max_bytes_for_level_multiplier_addtl[2]: 1
2021/12/17-10:42:30.270693 7ff4c24d7700 Options.max_bytes_for_level_multiplier_addtl[3]: 1
2021/12/17-10:42:30.270694 7ff4c24d7700 Options.max_bytes_for_level_multiplier_addtl[4]: 1
2021/12/17-10:42:30.270695 7ff4c24d7700 Options.max_bytes_for_level_multiplier_addtl[5]: 1
2021/12/17-10:42:30.270696 7ff4c24d7700 Options.max_bytes_for_level_multiplier_addtl[6]: 1
2021/12/17-10:42:30.270697 7ff4c24d7700       Options.max_sequential_skip_in_iterations: 8
2021/12/17-10:42:30.270698 7ff4c24d7700                    Options.max_compaction_bytes: 1677721600
2021/12/17-10:42:30.270699 7ff4c24d7700                        Options.arena_block_size: 503808
2021/12/17-10:42:30.270700 7ff4c24d7700   Options.soft_pending_compaction_bytes_limit: 68719476736
2021/12/17-10:42:30.270701 7ff4c24d7700   Options.hard_pending_compaction_bytes_limit: 274877906944
2021/12/17-10:42:30.270703 7ff4c24d7700       Options.rate_limit_delay_max_milliseconds: 100
2021/12/17-10:42:30.270704 7ff4c24d7700                Options.disable_auto_compactions: 0
2021/12/17-10:42:30.270705 7ff4c24d7700                        Options.compaction_style: kCompactionStyleLevel
2021/12/17-10:42:30.270707 7ff4c24d7700                          Options.compaction_pri: kMinOverlappingRatio
2021/12/17-10:42:30.270708 7ff4c24d7700 Options.compaction_options_universal.size_ratio: 1
2021/12/17-10:42:30.270709 7ff4c24d7700 Options.compaction_options_universal.min_merge_width: 2
2021/12/17-10:42:30.270710 7ff4c24d7700 Options.compaction_options_universal.max_merge_width: 4294967295
2021/12/17-10:42:30.270713 7ff4c24d7700 Options.compaction_options_universal.max_size_amplification_percent: 200
2021/12/17-10:42:30.270714 7ff4c24d7700 Options.compaction_options_universal.compression_size_percent: -1
2021/12/17-10:42:30.270715 7ff4c24d7700 Options.compaction_options_universal.stop_style: kCompactionStopStyleTotalSize
2021/12/17-10:42:30.270727 7ff4c24d7700 Options.compaction_options_fifo.max_table_files_size: 1073741824
2021/12/17-10:42:30.270728 7ff4c24d7700 Options.compaction_options_fifo.allow_compaction: 0
2021/12/17-10:42:30.270734 7ff4c24d7700                   Options.table_properties_collectors: 
2021/12/17-10:42:30.270735 7ff4c24d7700                   Options.inplace_update_support: 0
2021/12/17-10:42:30.270736 7ff4c24d7700                 Options.inplace_update_num_locks: 10000
2021/12/17-10:42:30.270738 7ff4c24d7700               Options.memtable_prefix_bloom_size_ratio: 0.000000
2021/12/17-10:42:30.270752 7ff4c24d7700               Options.memtable_whole_key_filtering: 0
2021/12/17-10:42:30.270754 7ff4c24d7700   Options.memtable_huge_page_size: 0
2021/12/17-10:42:30.270755 7ff4c24d7700                           Options.bloom_locality: 0
2021/12/17-10:42:30.270756 7ff4c24d7700                    Options.max_successive_merges: 0
2021/12/17-10:42:30.270757 7ff4c24d7700                Options.optimize_filters_for_hits: 0
2021/12/17-10:42:30.270758 7ff4c24d7700                Options.paranoid_file_checks: 0
2021/12/17-10:42:30.270759 7ff4c24d7700                Options.force_consistency_checks: 1
2021/12/17-10:42:30.270761 7ff4c24d7700                Options.report_bg_io_stats: 0
2021/12/17-10:42:30.270762 7ff4c24d7700                               Options.ttl: 2592000
2021/12/17-10:42:30.270763 7ff4c24d7700          Options.periodic_compaction_seconds: 0
2021/12/17-10:42:30.270764 7ff4c24d7700                    Options.enable_blob_files: false
2021/12/17-10:42:30.270765 7ff4c24d7700                        Options.min_blob_size: 0
2021/12/17-10:42:30.270766 7ff4c24d7700                       Options.blob_file_size: 268435456
2021/12/17-10:42:30.270767 7ff4c24d7700                Options.blob_compression_type: NoCompression
2021/12/17-10:42:30.270768 7ff4c24d7700       Options.enable_blob_garbage_collection: false
2021/12/17-10:42:30.270770 7ff4c24d7700   Options.blob_garbage_collection_age_cutoff: 0.250000
2021/12/17-10:42:30.277913 7ff4c24d7700 [/version_set.cc:4675] Recovered from manifest file:/home/ubuntu/Documents/hivemq-ce-2021.3/data/persistence/retained_messages/040500_R/retained_messages_34/MANIFEST-000001 succeeded,manifest_file_number is 1, next_file_number is 3, last_sequence is 0, log_number is 0,prev_log_number is 0,max_column_family is 0,min_log_number_to_keep is 0
2021/12/17-10:42:30.277919 7ff4c24d7700 [/version_set.cc:4684] Column family [default] (ID 0), log number is 0
2021/12/17-10:42:30.277995 7ff4c24d7700 [/version_set.cc:4119] Creating manifest 4
2021/12/17-10:42:30.430199 7ff4c24d7700 [/db_impl/db_impl_open.cc:1757] SstFileManager instance 0x7ff4942b6e40
2021/12/17-10:42:30.430220 7ff4c24d7700 DB pointer 0x7ff4942b1b80
2021/12/17-10:50:52.433533 7ff4c1ccf700 [/db_impl/db_impl.cc:463] Shutdown: canceling all background work
2021/12/17-10:50:52.433660 7ff4c1ccf700 [/db_impl/db_impl.cc:642] Shutdown complete
