2021/12/17-10:42:30.430740 7ff4c20d3700 RocksDB version: 6.20.3
2021/12/17-10:42:30.430771 7ff4c20d3700 Compile date 2021-05-07 11:24:03
2021/12/17-10:42:30.430811 7ff4c20d3700 DB SUMMARY
2021/12/17-10:42:30.430813 7ff4c20d3700 DB Session ID:  R947X8CQKCVOD7HM1VM2
2021/12/17-10:42:30.430830 7ff4c20d3700 SST files in /home/ubuntu/Documents/hivemq-ce-2021.3/data/persistence/retained_messages/040500_R/retained_messages_51 dir, Total Num: 0, files: 
2021/12/17-10:42:30.430833 7ff4c20d3700 Write Ahead Log file in /home/ubuntu/Documents/hivemq-ce-2021.3/data/persistence/retained_messages/040500_R/retained_messages_51: 
2021/12/17-10:42:30.430834 7ff4c20d3700                         Options.error_if_exists: 0
2021/12/17-10:42:30.430835 7ff4c20d3700                       Options.create_if_missing: 1
2021/12/17-10:42:30.430836 7ff4c20d3700                         Options.paranoid_checks: 1
2021/12/17-10:42:30.430837 7ff4c20d3700                               Options.track_and_verify_wals_in_manifest: 0
2021/12/17-10:42:30.430838 7ff4c20d3700                                     Options.env: 0x7ff4c35b80a0
2021/12/17-10:42:30.430839 7ff4c20d3700                                      Options.fs: Posix File System
2021/12/17-10:42:30.430839 7ff4c20d3700                                Options.info_log: 0x7ff49c3b4f30
2021/12/17-10:42:30.430840 7ff4c20d3700                Options.max_file_opening_threads: 16
2021/12/17-10:42:30.430843 7ff4c20d3700                              Options.statistics: 0x7ff4a0003190
2021/12/17-10:42:30.430844 7ff4c20d3700                               Options.use_fsync: 0
2021/12/17-10:42:30.430846 7ff4c20d3700                       Options.max_log_file_size: 512000
2021/12/17-10:42:30.430846 7ff4c20d3700                  Options.max_manifest_file_size: 1073741824
2021/12/17-10:42:30.430847 7ff4c20d3700                   Options.log_file_time_to_roll: 0
2021/12/17-10:42:30.430848 7ff4c20d3700                       Options.keep_log_file_num: 2
2021/12/17-10:42:30.430849 7ff4c20d3700                    Options.recycle_log_file_num: 0
2021/12/17-10:42:30.430850 7ff4c20d3700                         Options.allow_fallocate: 1
2021/12/17-10:42:30.430851 7ff4c20d3700                        Options.allow_mmap_reads: 0
2021/12/17-10:42:30.430852 7ff4c20d3700                       Options.allow_mmap_writes: 0
2021/12/17-10:42:30.430852 7ff4c20d3700                        Options.use_direct_reads: 0
2021/12/17-10:42:30.430853 7ff4c20d3700                        Options.use_direct_io_for_flush_and_compaction: 0
2021/12/17-10:42:30.430854 7ff4c20d3700          Options.create_missing_column_families: 0
2021/12/17-10:42:30.430855 7ff4c20d3700                              Options.db_log_dir: 
2021/12/17-10:42:30.430856 7ff4c20d3700                                 Options.wal_dir: /home/ubuntu/Documents/hivemq-ce-2021.3/data/persistence/retained_messages/040500_R/retained_messages_51
2021/12/17-10:42:30.430857 7ff4c20d3700                Options.table_cache_numshardbits: 6
2021/12/17-10:42:30.430857 7ff4c20d3700                         Options.WAL_ttl_seconds: 0
2021/12/17-10:42:30.430858 7ff4c20d3700                       Options.WAL_size_limit_MB: 0
2021/12/17-10:42:30.430859 7ff4c20d3700                        Options.max_write_batch_group_size_bytes: 1048576
2021/12/17-10:42:30.430860 7ff4c20d3700             Options.manifest_preallocation_size: 4194304
2021/12/17-10:42:30.430861 7ff4c20d3700                     Options.is_fd_close_on_exec: 1
2021/12/17-10:42:30.430862 7ff4c20d3700                   Options.advise_random_on_open: 1
2021/12/17-10:42:30.430862 7ff4c20d3700                    Options.db_write_buffer_size: 0
2021/12/17-10:42:30.430863 7ff4c20d3700                    Options.write_buffer_manager: 0x7ff49c3ae8a0
2021/12/17-10:42:30.430864 7ff4c20d3700         Options.access_hint_on_compaction_start: 1
2021/12/17-10:42:30.430865 7ff4c20d3700  Options.new_table_reader_for_compaction_inputs: 0
2021/12/17-10:42:30.430866 7ff4c20d3700           Options.random_access_max_buffer_size: 1048576
2021/12/17-10:42:30.430867 7ff4c20d3700                      Options.use_adaptive_mutex: 0
2021/12/17-10:42:30.430875 7ff4c20d3700                            Options.rate_limiter: (nil)
2021/12/17-10:42:30.430877 7ff4c20d3700     Options.sst_file_manager.rate_bytes_per_sec: 0
2021/12/17-10:42:30.430878 7ff4c20d3700                       Options.wal_recovery_mode: 2
2021/12/17-10:42:30.430879 7ff4c20d3700                  Options.enable_thread_tracking: 0
2021/12/17-10:42:30.430880 7ff4c20d3700                  Options.enable_pipelined_write: 0
2021/12/17-10:42:30.430880 7ff4c20d3700                  Options.unordered_write: 0
2021/12/17-10:42:30.430881 7ff4c20d3700         Options.allow_concurrent_memtable_write: 1
2021/12/17-10:42:30.430882 7ff4c20d3700      Options.enable_write_thread_adaptive_yield: 1
2021/12/17-10:42:30.430883 7ff4c20d3700             Options.write_thread_max_yield_usec: 100
2021/12/17-10:42:30.430884 7ff4c20d3700            Options.write_thread_slow_yield_usec: 3
2021/12/17-10:42:30.430885 7ff4c20d3700                               Options.row_cache: None
2021/12/17-10:42:30.430886 7ff4c20d3700                              Options.wal_filter: None
2021/12/17-10:42:30.430887 7ff4c20d3700             Options.avoid_flush_during_recovery: 0
2021/12/17-10:42:30.430888 7ff4c20d3700             Options.allow_ingest_behind: 0
2021/12/17-10:42:30.430888 7ff4c20d3700             Options.preserve_deletes: 0
2021/12/17-10:42:30.430889 7ff4c20d3700             Options.two_write_queues: 0
2021/12/17-10:42:30.430890 7ff4c20d3700             Options.manual_wal_flush: 0
2021/12/17-10:42:30.430891 7ff4c20d3700             Options.atomic_flush: 0
2021/12/17-10:42:30.430892 7ff4c20d3700             Options.avoid_unnecessary_blocking_io: 0
2021/12/17-10:42:30.430893 7ff4c20d3700                 Options.persist_stats_to_disk: 0
2021/12/17-10:42:30.430894 7ff4c20d3700                 Options.write_dbid_to_manifest: 0
2021/12/17-10:42:30.430895 7ff4c20d3700                 Options.log_readahead_size: 0
2021/12/17-10:42:30.430896 7ff4c20d3700                 Options.file_checksum_gen_factory: Unknown
2021/12/17-10:42:30.430896 7ff4c20d3700                 Options.best_efforts_recovery: 0
2021/12/17-10:42:30.430899 7ff4c20d3700                Options.max_bgerror_resume_count: 2147483647
2021/12/17-10:42:30.430899 7ff4c20d3700            Options.bgerror_resume_retry_interval: 1000000
2021/12/17-10:42:30.430900 7ff4c20d3700             Options.allow_data_in_errors: 0
2021/12/17-10:42:30.430901 7ff4c20d3700             Options.db_host_id: __hostname__
2021/12/17-10:42:30.430902 7ff4c20d3700             Options.max_background_jobs: 2
2021/12/17-10:42:30.430903 7ff4c20d3700             Options.max_background_compactions: -1
2021/12/17-10:42:30.430905 7ff4c20d3700             Options.max_subcompactions: 1
2021/12/17-10:42:30.430906 7ff4c20d3700             Options.avoid_flush_during_shutdown: 0
2021/12/17-10:42:30.430907 7ff4c20d3700           Options.writable_file_max_buffer_size: 1048576
2021/12/17-10:42:30.430907 7ff4c20d3700             Options.delayed_write_rate : 16777216
2021/12/17-10:42:30.430908 7ff4c20d3700             Options.max_total_wal_size: 0
2021/12/17-10:42:30.430909 7ff4c20d3700             Options.delete_obsolete_files_period_micros: 21600000000
2021/12/17-10:42:30.430910 7ff4c20d3700                   Options.stats_dump_period_sec: 0
2021/12/17-10:42:30.430911 7ff4c20d3700                 Options.stats_persist_period_sec: 0
2021/12/17-10:42:30.430912 7ff4c20d3700                 Options.stats_history_buffer_size: 65536
2021/12/17-10:42:30.430912 7ff4c20d3700                          Options.max_open_files: -1
2021/12/17-10:42:30.430913 7ff4c20d3700                          Options.bytes_per_sync: 0
2021/12/17-10:42:30.430914 7ff4c20d3700                      Options.wal_bytes_per_sync: 0
2021/12/17-10:42:30.430915 7ff4c20d3700                   Options.strict_bytes_per_sync: 0
2021/12/17-10:42:30.430916 7ff4c20d3700       Options.compaction_readahead_size: 0
2021/12/17-10:42:30.430917 7ff4c20d3700                  Options.max_background_flushes: -1
2021/12/17-10:42:30.430918 7ff4c20d3700 Compression algorithms supported:
2021/12/17-10:42:30.430924 7ff4c20d3700 	kZSTDNotFinalCompression supported: 1
2021/12/17-10:42:30.430925 7ff4c20d3700 	kZSTD supported: 1
2021/12/17-10:42:30.430926 7ff4c20d3700 	kXpressCompression supported: 0
2021/12/17-10:42:30.430927 7ff4c20d3700 	kLZ4HCCompression supported: 1
2021/12/17-10:42:30.430927 7ff4c20d3700 	kLZ4Compression supported: 1
2021/12/17-10:42:30.430928 7ff4c20d3700 	kBZip2Compression supported: 1
2021/12/17-10:42:30.430929 7ff4c20d3700 	kZlibCompression supported: 1
2021/12/17-10:42:30.430930 7ff4c20d3700 	kSnappyCompression supported: 1
2021/12/17-10:42:30.430931 7ff4c20d3700 Fast CRC32 supported: Not supported on x86
2021/12/17-10:42:30.441731 7ff4c20d3700 [/db_impl/db_impl_open.cc:285] Creating manifest 1 
2021/12/17-10:42:30.484577 7ff4c20d3700 [/version_set.cc:4627] Recovering from manifest file: /home/ubuntu/Documents/hivemq-ce-2021.3/data/persistence/retained_messages/040500_R/retained_messages_51/MANIFEST-000001
2021/12/17-10:42:30.491599 7ff4c20d3700 [/column_family.cc:598] --------------- Options for column family [default]:
2021/12/17-10:42:30.491604 7ff4c20d3700               Options.comparator: leveldb.BytewiseComparator
2021/12/17-10:42:30.491605 7ff4c20d3700           Options.merge_operator: None
2021/12/17-10:42:30.491606 7ff4c20d3700        Options.compaction_filter: None
2021/12/17-10:42:30.491607 7ff4c20d3700        Options.compaction_filter_factory: None
2021/12/17-10:42:30.491608 7ff4c20d3700  Options.sst_partitioner_factory: None
2021/12/17-10:42:30.491609 7ff4c20d3700         Options.memtable_factory: SkipListFactory
2021/12/17-10:42:30.491609 7ff4c20d3700            Options.table_factory: BlockBasedTable
2021/12/17-10:42:30.492038 7ff4c20d3700            table_factory options:   flush_block_policy_factory: FlushBlockBySizePolicyFactory (0x7ff4a006ca20)
  cache_index_and_filter_blocks: 0
  cache_index_and_filter_blocks_with_high_priority: 1
  pin_l0_filter_and_index_blocks_in_cache: 0
  pin_top_level_index_and_filter: 1
  index_type: 0
  data_block_index_type: 0
  index_shortening: 1
  data_block_hash_table_util_ratio: 0.750000
  hash_index_allow_collision: 1
  checksum: 1
  no_block_cache: 0
  block_cache: 0x7ff4a006c9a0
  block_cache_name: LRUCache
  block_cache_options:
    capacity : 128753152
    num_shard_bits : 6
    strict_capacity_limit : 0
    memory_allocator : None
    high_pri_pool_ratio: 0.000
  block_cache_compressed: (nil)
  persistent_cache: (nil)
  block_size: 32768
  block_size_deviation: 10
  block_restart_interval: 16
  index_block_restart_interval: 1
  metadata_block_size: 4096
  partition_filters: 0
  use_delta_encoding: 1
  filter_policy: nullptr
  whole_key_filtering: 1
  verify_compression: 0
  read_amp_bytes_per_bit: 0
  format_version: 5
  enable_index_compression: 1
  block_align: 0
2021/12/17-10:42:30.492045 7ff4c20d3700        Options.write_buffer_size: 4023536
2021/12/17-10:42:30.492046 7ff4c20d3700  Options.max_write_buffer_number: 2
2021/12/17-10:42:30.492047 7ff4c20d3700          Options.compression: Snappy
2021/12/17-10:42:30.492048 7ff4c20d3700                  Options.bottommost_compression: Disabled
2021/12/17-10:42:30.492049 7ff4c20d3700       Options.prefix_extractor: nullptr
2021/12/17-10:42:30.492050 7ff4c20d3700   Options.memtable_insert_with_hint_prefix_extractor: nullptr
2021/12/17-10:42:30.492051 7ff4c20d3700             Options.num_levels: 7
2021/12/17-10:42:30.492051 7ff4c20d3700        Options.min_write_buffer_number_to_merge: 1
2021/12/17-10:42:30.492052 7ff4c20d3700     Options.max_write_buffer_number_to_maintain: 0
2021/12/17-10:42:30.492053 7ff4c20d3700     Options.max_write_buffer_size_to_maintain: 0
2021/12/17-10:42:30.492054 7ff4c20d3700            Options.bottommost_compression_opts.window_bits: -14
2021/12/17-10:42:30.492055 7ff4c20d3700                  Options.bottommost_compression_opts.level: 32767
2021/12/17-10:42:30.492056 7ff4c20d3700               Options.bottommost_compression_opts.strategy: 0
2021/12/17-10:42:30.492057 7ff4c20d3700         Options.bottommost_compression_opts.max_dict_bytes: 0
2021/12/17-10:42:30.492073 7ff4c20d3700         Options.bottommost_compression_opts.zstd_max_train_bytes: 0
2021/12/17-10:42:30.492074 7ff4c20d3700         Options.bottommost_compression_opts.parallel_threads: 1
2021/12/17-10:42:30.492075 7ff4c20d3700                  Options.bottommost_compression_opts.enabled: false
2021/12/17-10:42:30.492076 7ff4c20d3700         Options.bottommost_compression_opts.max_dict_buffer_bytes: 0
2021/12/17-10:42:30.492077 7ff4c20d3700            Options.compression_opts.window_bits: -14
2021/12/17-10:42:30.492078 7ff4c20d3700                  Options.compression_opts.level: 32767
2021/12/17-10:42:30.492079 7ff4c20d3700               Options.compression_opts.strategy: 0
2021/12/17-10:42:30.492080 7ff4c20d3700         Options.compression_opts.max_dict_bytes: 0
2021/12/17-10:42:30.492080 7ff4c20d3700         Options.compression_opts.zstd_max_train_bytes: 0
2021/12/17-10:42:30.492081 7ff4c20d3700         Options.compression_opts.parallel_threads: 1
2021/12/17-10:42:30.492082 7ff4c20d3700                  Options.compression_opts.enabled: false
2021/12/17-10:42:30.492083 7ff4c20d3700         Options.compression_opts.max_dict_buffer_bytes: 0
2021/12/17-10:42:30.492084 7ff4c20d3700      Options.level0_file_num_compaction_trigger: 4
2021/12/17-10:42:30.492084 7ff4c20d3700          Options.level0_slowdown_writes_trigger: 20
2021/12/17-10:42:30.492085 7ff4c20d3700              Options.level0_stop_writes_trigger: 36
2021/12/17-10:42:30.492086 7ff4c20d3700                   Options.target_file_size_base: 67108864
2021/12/17-10:42:30.492087 7ff4c20d3700             Options.target_file_size_multiplier: 1
2021/12/17-10:42:30.492088 7ff4c20d3700                Options.max_bytes_for_level_base: 268435456
2021/12/17-10:42:30.492089 7ff4c20d3700 Options.level_compaction_dynamic_level_bytes: 0
2021/12/17-10:42:30.493776 7ff4c20d3700          Options.max_bytes_for_level_multiplier: 10.000000
2021/12/17-10:42:30.493784 7ff4c20d3700 Options.max_bytes_for_level_multiplier_addtl[0]: 1
2021/12/17-10:42:30.493785 7ff4c20d3700 Options.max_bytes_for_level_multiplier_addtl[1]: 1
2021/12/17-10:42:30.493786 7ff4c20d3700 Options.max_bytes_for_level_multiplier_addtl[2]: 1
2021/12/17-10:42:30.493787 7ff4c20d3700 Options.max_bytes_for_level_multiplier_addtl[3]: 1
2021/12/17-10:42:30.493788 7ff4c20d3700 Options.max_bytes_for_level_multiplier_addtl[4]: 1
2021/12/17-10:42:30.493788 7ff4c20d3700 Options.max_bytes_for_level_multiplier_addtl[5]: 1
2021/12/17-10:42:30.493789 7ff4c20d3700 Options.max_bytes_for_level_multiplier_addtl[6]: 1
2021/12/17-10:42:30.493790 7ff4c20d3700       Options.max_sequential_skip_in_iterations: 8
2021/12/17-10:42:30.493791 7ff4c20d3700                    Options.max_compaction_bytes: 1677721600
2021/12/17-10:42:30.493792 7ff4c20d3700                        Options.arena_block_size: 503808
2021/12/17-10:42:30.493793 7ff4c20d3700   Options.soft_pending_compaction_bytes_limit: 68719476736
2021/12/17-10:42:30.493794 7ff4c20d3700   Options.hard_pending_compaction_bytes_limit: 274877906944
2021/12/17-10:42:30.493795 7ff4c20d3700       Options.rate_limit_delay_max_milliseconds: 100
2021/12/17-10:42:30.493796 7ff4c20d3700                Options.disable_auto_compactions: 0
2021/12/17-10:42:30.493797 7ff4c20d3700                        Options.compaction_style: kCompactionStyleLevel
2021/12/17-10:42:30.493798 7ff4c20d3700                          Options.compaction_pri: kMinOverlappingRatio
2021/12/17-10:42:30.493799 7ff4c20d3700 Options.compaction_options_universal.size_ratio: 1
2021/12/17-10:42:30.493800 7ff4c20d3700 Options.compaction_options_universal.min_merge_width: 2
2021/12/17-10:42:30.493801 7ff4c20d3700 Options.compaction_options_universal.max_merge_width: 4294967295
2021/12/17-10:42:30.493802 7ff4c20d3700 Options.compaction_options_universal.max_size_amplification_percent: 200
2021/12/17-10:42:30.493803 7ff4c20d3700 Options.compaction_options_universal.compression_size_percent: -1
2021/12/17-10:42:30.493803 7ff4c20d3700 Options.compaction_options_universal.stop_style: kCompactionStopStyleTotalSize
2021/12/17-10:42:30.493816 7ff4c20d3700 Options.compaction_options_fifo.max_table_files_size: 1073741824
2021/12/17-10:42:30.493817 7ff4c20d3700 Options.compaction_options_fifo.allow_compaction: 0
2021/12/17-10:42:30.493823 7ff4c20d3700                   Options.table_properties_collectors: 
2021/12/17-10:42:30.493824 7ff4c20d3700                   Options.inplace_update_support: 0
2021/12/17-10:42:30.493826 7ff4c20d3700                 Options.inplace_update_num_locks: 10000
2021/12/17-10:42:30.493827 7ff4c20d3700               Options.memtable_prefix_bloom_size_ratio: 0.000000
2021/12/17-10:42:30.493830 7ff4c20d3700               Options.memtable_whole_key_filtering: 0
2021/12/17-10:42:30.493831 7ff4c20d3700   Options.memtable_huge_page_size: 0
2021/12/17-10:42:30.493832 7ff4c20d3700                           Options.bloom_locality: 0
2021/12/17-10:42:30.493833 7ff4c20d3700                    Options.max_successive_merges: 0
2021/12/17-10:42:30.493834 7ff4c20d3700                Options.optimize_filters_for_hits: 0
2021/12/17-10:42:30.493835 7ff4c20d3700                Options.paranoid_file_checks: 0
2021/12/17-10:42:30.493835 7ff4c20d3700                Options.force_consistency_checks: 1
2021/12/17-10:42:30.493836 7ff4c20d3700                Options.report_bg_io_stats: 0
2021/12/17-10:42:30.493837 7ff4c20d3700                               Options.ttl: 2592000
2021/12/17-10:42:30.493838 7ff4c20d3700          Options.periodic_compaction_seconds: 0
2021/12/17-10:42:30.493839 7ff4c20d3700                    Options.enable_blob_files: false
2021/12/17-10:42:30.493840 7ff4c20d3700                        Options.min_blob_size: 0
2021/12/17-10:42:30.493841 7ff4c20d3700                       Options.blob_file_size: 268435456
2021/12/17-10:42:30.493842 7ff4c20d3700                Options.blob_compression_type: NoCompression
2021/12/17-10:42:30.493842 7ff4c20d3700       Options.enable_blob_garbage_collection: false
2021/12/17-10:42:30.493844 7ff4c20d3700   Options.blob_garbage_collection_age_cutoff: 0.250000
2021/12/17-10:42:30.603444 7ff4c20d3700 [/version_set.cc:4675] Recovered from manifest file:/home/ubuntu/Documents/hivemq-ce-2021.3/data/persistence/retained_messages/040500_R/retained_messages_51/MANIFEST-000001 succeeded,manifest_file_number is 1, next_file_number is 3, last_sequence is 0, log_number is 0,prev_log_number is 0,max_column_family is 0,min_log_number_to_keep is 0
2021/12/17-10:42:30.603451 7ff4c20d3700 [/version_set.cc:4684] Column family [default] (ID 0), log number is 0
2021/12/17-10:42:30.603704 7ff4c20d3700 [/version_set.cc:4119] Creating manifest 4
2021/12/17-10:42:30.739076 7ff4c20d3700 [/db_impl/db_impl_open.cc:1757] SstFileManager instance 0x7ff49c3b50d0
2021/12/17-10:42:30.739092 7ff4c20d3700 DB pointer 0x7ff49c3a3ca0
2021/12/17-10:50:52.430993 7ff4c1ccf700 [/db_impl/db_impl.cc:463] Shutdown: canceling all background work
2021/12/17-10:50:52.431112 7ff4c1ccf700 [/db_impl/db_impl.cc:642] Shutdown complete
