2021/12/17-10:42:30.247801 7ff4c18cb700 RocksDB version: 6.20.3
2021/12/17-10:42:30.247827 7ff4c18cb700 Compile date 2021-05-07 11:24:03
2021/12/17-10:42:30.247862 7ff4c18cb700 DB SUMMARY
2021/12/17-10:42:30.247864 7ff4c18cb700 DB Session ID:  T12KEKC1J0GXVLI5C26S
2021/12/17-10:42:30.247877 7ff4c18cb700 SST files in /home/ubuntu/Documents/hivemq-ce-2021.3/data/persistence/retained_messages/040500_R/retained_messages_38 dir, Total Num: 0, files: 
2021/12/17-10:42:30.247879 7ff4c18cb700 Write Ahead Log file in /home/ubuntu/Documents/hivemq-ce-2021.3/data/persistence/retained_messages/040500_R/retained_messages_38: 
2021/12/17-10:42:30.247881 7ff4c18cb700                         Options.error_if_exists: 0
2021/12/17-10:42:30.247882 7ff4c18cb700                       Options.create_if_missing: 1
2021/12/17-10:42:30.247882 7ff4c18cb700                         Options.paranoid_checks: 1
2021/12/17-10:42:30.247883 7ff4c18cb700                               Options.track_and_verify_wals_in_manifest: 0
2021/12/17-10:42:30.247884 7ff4c18cb700                                     Options.env: 0x7ff4c35b80a0
2021/12/17-10:42:30.247886 7ff4c18cb700                                      Options.fs: Posix File System
2021/12/17-10:42:30.247886 7ff4c18cb700                                Options.info_log: 0x7ff4c817e2a0
2021/12/17-10:42:30.247887 7ff4c18cb700                Options.max_file_opening_threads: 16
2021/12/17-10:42:30.247888 7ff4c18cb700                              Options.statistics: 0x7ff4a0003190
2021/12/17-10:42:30.247889 7ff4c18cb700                               Options.use_fsync: 0
2021/12/17-10:42:30.247890 7ff4c18cb700                       Options.max_log_file_size: 512000
2021/12/17-10:42:30.247891 7ff4c18cb700                  Options.max_manifest_file_size: 1073741824
2021/12/17-10:42:30.247892 7ff4c18cb700                   Options.log_file_time_to_roll: 0
2021/12/17-10:42:30.247893 7ff4c18cb700                       Options.keep_log_file_num: 2
2021/12/17-10:42:30.247893 7ff4c18cb700                    Options.recycle_log_file_num: 0
2021/12/17-10:42:30.247894 7ff4c18cb700                         Options.allow_fallocate: 1
2021/12/17-10:42:30.247895 7ff4c18cb700                        Options.allow_mmap_reads: 0
2021/12/17-10:42:30.247896 7ff4c18cb700                       Options.allow_mmap_writes: 0
2021/12/17-10:42:30.247897 7ff4c18cb700                        Options.use_direct_reads: 0
2021/12/17-10:42:30.247898 7ff4c18cb700                        Options.use_direct_io_for_flush_and_compaction: 0
2021/12/17-10:42:30.247899 7ff4c18cb700          Options.create_missing_column_families: 0
2021/12/17-10:42:30.247900 7ff4c18cb700                              Options.db_log_dir: 
2021/12/17-10:42:30.247900 7ff4c18cb700                                 Options.wal_dir: /home/ubuntu/Documents/hivemq-ce-2021.3/data/persistence/retained_messages/040500_R/retained_messages_38
2021/12/17-10:42:30.247901 7ff4c18cb700                Options.table_cache_numshardbits: 6
2021/12/17-10:42:30.247902 7ff4c18cb700                         Options.WAL_ttl_seconds: 0
2021/12/17-10:42:30.247903 7ff4c18cb700                       Options.WAL_size_limit_MB: 0
2021/12/17-10:42:30.247904 7ff4c18cb700                        Options.max_write_batch_group_size_bytes: 1048576
2021/12/17-10:42:30.247905 7ff4c18cb700             Options.manifest_preallocation_size: 4194304
2021/12/17-10:42:30.247906 7ff4c18cb700                     Options.is_fd_close_on_exec: 1
2021/12/17-10:42:30.247906 7ff4c18cb700                   Options.advise_random_on_open: 1
2021/12/17-10:42:30.247907 7ff4c18cb700                    Options.db_write_buffer_size: 0
2021/12/17-10:42:30.247908 7ff4c18cb700                    Options.write_buffer_manager: 0x7ff4c816ad40
2021/12/17-10:42:30.247909 7ff4c18cb700         Options.access_hint_on_compaction_start: 1
2021/12/17-10:42:30.247910 7ff4c18cb700  Options.new_table_reader_for_compaction_inputs: 0
2021/12/17-10:42:30.247910 7ff4c18cb700           Options.random_access_max_buffer_size: 1048576
2021/12/17-10:42:30.247911 7ff4c18cb700                      Options.use_adaptive_mutex: 0
2021/12/17-10:42:30.247921 7ff4c18cb700                            Options.rate_limiter: (nil)
2021/12/17-10:42:30.247922 7ff4c18cb700     Options.sst_file_manager.rate_bytes_per_sec: 0
2021/12/17-10:42:30.247922 7ff4c18cb700                       Options.wal_recovery_mode: 2
2021/12/17-10:42:30.247923 7ff4c18cb700                  Options.enable_thread_tracking: 0
2021/12/17-10:42:30.247924 7ff4c18cb700                  Options.enable_pipelined_write: 0
2021/12/17-10:42:30.247925 7ff4c18cb700                  Options.unordered_write: 0
2021/12/17-10:42:30.247926 7ff4c18cb700         Options.allow_concurrent_memtable_write: 1
2021/12/17-10:42:30.247926 7ff4c18cb700      Options.enable_write_thread_adaptive_yield: 1
2021/12/17-10:42:30.247927 7ff4c18cb700             Options.write_thread_max_yield_usec: 100
2021/12/17-10:42:30.247928 7ff4c18cb700            Options.write_thread_slow_yield_usec: 3
2021/12/17-10:42:30.247929 7ff4c18cb700                               Options.row_cache: None
2021/12/17-10:42:30.247930 7ff4c18cb700                              Options.wal_filter: None
2021/12/17-10:42:30.247931 7ff4c18cb700             Options.avoid_flush_during_recovery: 0
2021/12/17-10:42:30.247931 7ff4c18cb700             Options.allow_ingest_behind: 0
2021/12/17-10:42:30.247932 7ff4c18cb700             Options.preserve_deletes: 0
2021/12/17-10:42:30.247933 7ff4c18cb700             Options.two_write_queues: 0
2021/12/17-10:42:30.247934 7ff4c18cb700             Options.manual_wal_flush: 0
2021/12/17-10:42:30.247934 7ff4c18cb700             Options.atomic_flush: 0
2021/12/17-10:42:30.247935 7ff4c18cb700             Options.avoid_unnecessary_blocking_io: 0
2021/12/17-10:42:30.247936 7ff4c18cb700                 Options.persist_stats_to_disk: 0
2021/12/17-10:42:30.247937 7ff4c18cb700                 Options.write_dbid_to_manifest: 0
2021/12/17-10:42:30.247938 7ff4c18cb700                 Options.log_readahead_size: 0
2021/12/17-10:42:30.247939 7ff4c18cb700                 Options.file_checksum_gen_factory: Unknown
2021/12/17-10:42:30.247940 7ff4c18cb700                 Options.best_efforts_recovery: 0
2021/12/17-10:42:30.247940 7ff4c18cb700                Options.max_bgerror_resume_count: 2147483647
2021/12/17-10:42:30.247941 7ff4c18cb700            Options.bgerror_resume_retry_interval: 1000000
2021/12/17-10:42:30.247942 7ff4c18cb700             Options.allow_data_in_errors: 0
2021/12/17-10:42:30.247943 7ff4c18cb700             Options.db_host_id: __hostname__
2021/12/17-10:42:30.247944 7ff4c18cb700             Options.max_background_jobs: 2
2021/12/17-10:42:30.247945 7ff4c18cb700             Options.max_background_compactions: -1
2021/12/17-10:42:30.247946 7ff4c18cb700             Options.max_subcompactions: 1
2021/12/17-10:42:30.247946 7ff4c18cb700             Options.avoid_flush_during_shutdown: 0
2021/12/17-10:42:30.247947 7ff4c18cb700           Options.writable_file_max_buffer_size: 1048576
2021/12/17-10:42:30.247948 7ff4c18cb700             Options.delayed_write_rate : 16777216
2021/12/17-10:42:30.247949 7ff4c18cb700             Options.max_total_wal_size: 0
2021/12/17-10:42:30.247950 7ff4c18cb700             Options.delete_obsolete_files_period_micros: 21600000000
2021/12/17-10:42:30.247951 7ff4c18cb700                   Options.stats_dump_period_sec: 0
2021/12/17-10:42:30.247951 7ff4c18cb700                 Options.stats_persist_period_sec: 0
2021/12/17-10:42:30.247952 7ff4c18cb700                 Options.stats_history_buffer_size: 65536
2021/12/17-10:42:30.247953 7ff4c18cb700                          Options.max_open_files: -1
2021/12/17-10:42:30.247954 7ff4c18cb700                          Options.bytes_per_sync: 0
2021/12/17-10:42:30.247955 7ff4c18cb700                      Options.wal_bytes_per_sync: 0
2021/12/17-10:42:30.247956 7ff4c18cb700                   Options.strict_bytes_per_sync: 0
2021/12/17-10:42:30.247957 7ff4c18cb700       Options.compaction_readahead_size: 0
2021/12/17-10:42:30.247958 7ff4c18cb700                  Options.max_background_flushes: -1
2021/12/17-10:42:30.247958 7ff4c18cb700 Compression algorithms supported:
2021/12/17-10:42:30.247964 7ff4c18cb700 	kZSTDNotFinalCompression supported: 1
2021/12/17-10:42:30.247965 7ff4c18cb700 	kZSTD supported: 1
2021/12/17-10:42:30.247966 7ff4c18cb700 	kXpressCompression supported: 0
2021/12/17-10:42:30.247967 7ff4c18cb700 	kLZ4HCCompression supported: 1
2021/12/17-10:42:30.247968 7ff4c18cb700 	kLZ4Compression supported: 1
2021/12/17-10:42:30.247969 7ff4c18cb700 	kBZip2Compression supported: 1
2021/12/17-10:42:30.247970 7ff4c18cb700 	kZlibCompression supported: 1
2021/12/17-10:42:30.247971 7ff4c18cb700 	kSnappyCompression supported: 1
2021/12/17-10:42:30.247972 7ff4c18cb700 Fast CRC32 supported: Not supported on x86
2021/12/17-10:42:30.272056 7ff4c18cb700 [/db_impl/db_impl_open.cc:285] Creating manifest 1 
2021/12/17-10:42:30.355345 7ff4c18cb700 [/version_set.cc:4627] Recovering from manifest file: /home/ubuntu/Documents/hivemq-ce-2021.3/data/persistence/retained_messages/040500_R/retained_messages_38/MANIFEST-000001
2021/12/17-10:42:30.358354 7ff4c18cb700 [/column_family.cc:598] --------------- Options for column family [default]:
2021/12/17-10:42:30.358358 7ff4c18cb700               Options.comparator: leveldb.BytewiseComparator
2021/12/17-10:42:30.358359 7ff4c18cb700           Options.merge_operator: None
2021/12/17-10:42:30.358360 7ff4c18cb700        Options.compaction_filter: None
2021/12/17-10:42:30.358361 7ff4c18cb700        Options.compaction_filter_factory: None
2021/12/17-10:42:30.358362 7ff4c18cb700  Options.sst_partitioner_factory: None
2021/12/17-10:42:30.358363 7ff4c18cb700         Options.memtable_factory: SkipListFactory
2021/12/17-10:42:30.358364 7ff4c18cb700            Options.table_factory: BlockBasedTable
2021/12/17-10:42:30.358384 7ff4c18cb700            table_factory options:   flush_block_policy_factory: FlushBlockBySizePolicyFactory (0x7ff4a006ca20)
  cache_index_and_filter_blocks: 0
  cache_index_and_filter_blocks_with_high_priority: 1
  pin_l0_filter_and_index_blocks_in_cache: 0
  pin_top_level_index_and_filter: 1
  index_type: 0
  data_block_index_type: 0
  index_shortening: 1
  data_block_hash_table_util_ratio: 0.750000
  hash_index_allow_collision: 1
  checksum: 1
  no_block_cache: 0
  block_cache: 0x7ff4a006c9a0
  block_cache_name: LRUCache
  block_cache_options:
    capacity : 128753152
    num_shard_bits : 6
    strict_capacity_limit : 0
    memory_allocator : None
    high_pri_pool_ratio: 0.000
  block_cache_compressed: (nil)
  persistent_cache: (nil)
  block_size: 32768
  block_size_deviation: 10
  block_restart_interval: 16
  index_block_restart_interval: 1
  metadata_block_size: 4096
  partition_filters: 0
  use_delta_encoding: 1
  filter_policy: nullptr
  whole_key_filtering: 1
  verify_compression: 0
  read_amp_bytes_per_bit: 0
  format_version: 5
  enable_index_compression: 1
  block_align: 0
2021/12/17-10:42:30.358387 7ff4c18cb700        Options.write_buffer_size: 4023536
2021/12/17-10:42:30.358388 7ff4c18cb700  Options.max_write_buffer_number: 2
2021/12/17-10:42:30.358389 7ff4c18cb700          Options.compression: Snappy
2021/12/17-10:42:30.358390 7ff4c18cb700                  Options.bottommost_compression: Disabled
2021/12/17-10:42:30.358390 7ff4c18cb700       Options.prefix_extractor: nullptr
2021/12/17-10:42:30.358391 7ff4c18cb700   Options.memtable_insert_with_hint_prefix_extractor: nullptr
2021/12/17-10:42:30.358392 7ff4c18cb700             Options.num_levels: 7
2021/12/17-10:42:30.358393 7ff4c18cb700        Options.min_write_buffer_number_to_merge: 1
2021/12/17-10:42:30.358394 7ff4c18cb700     Options.max_write_buffer_number_to_maintain: 0
2021/12/17-10:42:30.358395 7ff4c18cb700     Options.max_write_buffer_size_to_maintain: 0
2021/12/17-10:42:30.358396 7ff4c18cb700            Options.bottommost_compression_opts.window_bits: -14
2021/12/17-10:42:30.358397 7ff4c18cb700                  Options.bottommost_compression_opts.level: 32767
2021/12/17-10:42:30.358397 7ff4c18cb700               Options.bottommost_compression_opts.strategy: 0
2021/12/17-10:42:30.358398 7ff4c18cb700         Options.bottommost_compression_opts.max_dict_bytes: 0
2021/12/17-10:42:30.358410 7ff4c18cb700         Options.bottommost_compression_opts.zstd_max_train_bytes: 0
2021/12/17-10:42:30.358411 7ff4c18cb700         Options.bottommost_compression_opts.parallel_threads: 1
2021/12/17-10:42:30.358412 7ff4c18cb700                  Options.bottommost_compression_opts.enabled: false
2021/12/17-10:42:30.358413 7ff4c18cb700         Options.bottommost_compression_opts.max_dict_buffer_bytes: 0
2021/12/17-10:42:30.358414 7ff4c18cb700            Options.compression_opts.window_bits: -14
2021/12/17-10:42:30.358415 7ff4c18cb700                  Options.compression_opts.level: 32767
2021/12/17-10:42:30.358416 7ff4c18cb700               Options.compression_opts.strategy: 0
2021/12/17-10:42:30.358416 7ff4c18cb700         Options.compression_opts.max_dict_bytes: 0
2021/12/17-10:42:30.358417 7ff4c18cb700         Options.compression_opts.zstd_max_train_bytes: 0
2021/12/17-10:42:30.358418 7ff4c18cb700         Options.compression_opts.parallel_threads: 1
2021/12/17-10:42:30.358419 7ff4c18cb700                  Options.compression_opts.enabled: false
2021/12/17-10:42:30.358420 7ff4c18cb700         Options.compression_opts.max_dict_buffer_bytes: 0
2021/12/17-10:42:30.358421 7ff4c18cb700      Options.level0_file_num_compaction_trigger: 4
2021/12/17-10:42:30.358422 7ff4c18cb700          Options.level0_slowdown_writes_trigger: 20
2021/12/17-10:42:30.358422 7ff4c18cb700              Options.level0_stop_writes_trigger: 36
2021/12/17-10:42:30.358423 7ff4c18cb700                   Options.target_file_size_base: 67108864
2021/12/17-10:42:30.358424 7ff4c18cb700             Options.target_file_size_multiplier: 1
2021/12/17-10:42:30.358425 7ff4c18cb700                Options.max_bytes_for_level_base: 268435456
2021/12/17-10:42:30.358426 7ff4c18cb700 Options.level_compaction_dynamic_level_bytes: 0
2021/12/17-10:42:30.358427 7ff4c18cb700          Options.max_bytes_for_level_multiplier: 10.000000
2021/12/17-10:42:30.358428 7ff4c18cb700 Options.max_bytes_for_level_multiplier_addtl[0]: 1
2021/12/17-10:42:30.358429 7ff4c18cb700 Options.max_bytes_for_level_multiplier_addtl[1]: 1
2021/12/17-10:42:30.358430 7ff4c18cb700 Options.max_bytes_for_level_multiplier_addtl[2]: 1
2021/12/17-10:42:30.358431 7ff4c18cb700 Options.max_bytes_for_level_multiplier_addtl[3]: 1
2021/12/17-10:42:30.358432 7ff4c18cb700 Options.max_bytes_for_level_multiplier_addtl[4]: 1
2021/12/17-10:42:30.358433 7ff4c18cb700 Options.max_bytes_for_level_multiplier_addtl[5]: 1
2021/12/17-10:42:30.358433 7ff4c18cb700 Options.max_bytes_for_level_multiplier_addtl[6]: 1
2021/12/17-10:42:30.358434 7ff4c18cb700       Options.max_sequential_skip_in_iterations: 8
2021/12/17-10:42:30.358435 7ff4c18cb700                    Options.max_compaction_bytes: 1677721600
2021/12/17-10:42:30.358436 7ff4c18cb700                        Options.arena_block_size: 503808
2021/12/17-10:42:30.358437 7ff4c18cb700   Options.soft_pending_compaction_bytes_limit: 68719476736
2021/12/17-10:42:30.358438 7ff4c18cb700   Options.hard_pending_compaction_bytes_limit: 274877906944
2021/12/17-10:42:30.358439 7ff4c18cb700       Options.rate_limit_delay_max_milliseconds: 100
2021/12/17-10:42:30.358439 7ff4c18cb700                Options.disable_auto_compactions: 0
2021/12/17-10:42:30.358441 7ff4c18cb700                        Options.compaction_style: kCompactionStyleLevel
2021/12/17-10:42:30.358442 7ff4c18cb700                          Options.compaction_pri: kMinOverlappingRatio
2021/12/17-10:42:30.358442 7ff4c18cb700 Options.compaction_options_universal.size_ratio: 1
2021/12/17-10:42:30.358443 7ff4c18cb700 Options.compaction_options_universal.min_merge_width: 2
2021/12/17-10:42:30.358444 7ff4c18cb700 Options.compaction_options_universal.max_merge_width: 4294967295
2021/12/17-10:42:30.358445 7ff4c18cb700 Options.compaction_options_universal.max_size_amplification_percent: 200
2021/12/17-10:42:30.358446 7ff4c18cb700 Options.compaction_options_universal.compression_size_percent: -1
2021/12/17-10:42:30.358447 7ff4c18cb700 Options.compaction_options_universal.stop_style: kCompactionStopStyleTotalSize
2021/12/17-10:42:30.358453 7ff4c18cb700 Options.compaction_options_fifo.max_table_files_size: 1073741824
2021/12/17-10:42:30.358454 7ff4c18cb700 Options.compaction_options_fifo.allow_compaction: 0
2021/12/17-10:42:30.358458 7ff4c18cb700                   Options.table_properties_collectors: 
2021/12/17-10:42:30.358460 7ff4c18cb700                   Options.inplace_update_support: 0
2021/12/17-10:42:30.358461 7ff4c18cb700                 Options.inplace_update_num_locks: 10000
2021/12/17-10:42:30.358462 7ff4c18cb700               Options.memtable_prefix_bloom_size_ratio: 0.000000
2021/12/17-10:42:30.358463 7ff4c18cb700               Options.memtable_whole_key_filtering: 0
2021/12/17-10:42:30.358464 7ff4c18cb700   Options.memtable_huge_page_size: 0
2021/12/17-10:42:30.358465 7ff4c18cb700                           Options.bloom_locality: 0
2021/12/17-10:42:30.358466 7ff4c18cb700                    Options.max_successive_merges: 0
2021/12/17-10:42:30.358467 7ff4c18cb700                Options.optimize_filters_for_hits: 0
2021/12/17-10:42:30.358467 7ff4c18cb700                Options.paranoid_file_checks: 0
2021/12/17-10:42:30.358468 7ff4c18cb700                Options.force_consistency_checks: 1
2021/12/17-10:42:30.358469 7ff4c18cb700                Options.report_bg_io_stats: 0
2021/12/17-10:42:30.358470 7ff4c18cb700                               Options.ttl: 2592000
2021/12/17-10:42:30.358471 7ff4c18cb700          Options.periodic_compaction_seconds: 0
2021/12/17-10:42:30.358471 7ff4c18cb700                    Options.enable_blob_files: false
2021/12/17-10:42:30.358472 7ff4c18cb700                        Options.min_blob_size: 0
2021/12/17-10:42:30.358473 7ff4c18cb700                       Options.blob_file_size: 268435456
2021/12/17-10:42:30.358474 7ff4c18cb700                Options.blob_compression_type: NoCompression
2021/12/17-10:42:30.358475 7ff4c18cb700       Options.enable_blob_garbage_collection: false
2021/12/17-10:42:30.358476 7ff4c18cb700   Options.blob_garbage_collection_age_cutoff: 0.250000
2021/12/17-10:42:30.360248 7ff4c18cb700 [/version_set.cc:4675] Recovered from manifest file:/home/ubuntu/Documents/hivemq-ce-2021.3/data/persistence/retained_messages/040500_R/retained_messages_38/MANIFEST-000001 succeeded,manifest_file_number is 1, next_file_number is 3, last_sequence is 0, log_number is 0,prev_log_number is 0,max_column_family is 0,min_log_number_to_keep is 0
2021/12/17-10:42:30.360254 7ff4c18cb700 [/version_set.cc:4684] Column family [default] (ID 0), log number is 0
2021/12/17-10:42:30.360324 7ff4c18cb700 [/version_set.cc:4119] Creating manifest 4
2021/12/17-10:42:30.493292 7ff4c18cb700 [/db_impl/db_impl_open.cc:1757] SstFileManager instance 0x7ff4c81b48e0
2021/12/17-10:42:30.493312 7ff4c18cb700 DB pointer 0x7ff4c81b55a0
2021/12/17-10:50:52.436738 7ff4c1ccf700 [/db_impl/db_impl.cc:463] Shutdown: canceling all background work
2021/12/17-10:50:52.436831 7ff4c1ccf700 [/db_impl/db_impl.cc:642] Shutdown complete
