2021/12/17-10:42:30.038523 7ff4c18cb700 RocksDB version: 6.20.3
2021/12/17-10:42:30.038549 7ff4c18cb700 Compile date 2021-05-07 11:24:03
2021/12/17-10:42:30.038584 7ff4c18cb700 DB SUMMARY
2021/12/17-10:42:30.038586 7ff4c18cb700 DB Session ID:  RRLT9CWR4AUEMDDRUH2T
2021/12/17-10:42:30.038598 7ff4c18cb700 SST files in /home/ubuntu/Documents/hivemq-ce-2021.3/data/persistence/retained_messages/040500_R/retained_messages_22 dir, Total Num: 0, files: 
2021/12/17-10:42:30.038600 7ff4c18cb700 Write Ahead Log file in /home/ubuntu/Documents/hivemq-ce-2021.3/data/persistence/retained_messages/040500_R/retained_messages_22: 
2021/12/17-10:42:30.038601 7ff4c18cb700                         Options.error_if_exists: 0
2021/12/17-10:42:30.038602 7ff4c18cb700                       Options.create_if_missing: 1
2021/12/17-10:42:30.038603 7ff4c18cb700                         Options.paranoid_checks: 1
2021/12/17-10:42:30.038604 7ff4c18cb700                               Options.track_and_verify_wals_in_manifest: 0
2021/12/17-10:42:30.038605 7ff4c18cb700                                     Options.env: 0x7ff4c35b80a0
2021/12/17-10:42:30.038606 7ff4c18cb700                                      Options.fs: Posix File System
2021/12/17-10:42:30.038607 7ff4c18cb700                                Options.info_log: 0x7ff4c813d230
2021/12/17-10:42:30.038608 7ff4c18cb700                Options.max_file_opening_threads: 16
2021/12/17-10:42:30.038609 7ff4c18cb700                              Options.statistics: 0x7ff4a0003190
2021/12/17-10:42:30.038610 7ff4c18cb700                               Options.use_fsync: 0
2021/12/17-10:42:30.038611 7ff4c18cb700                       Options.max_log_file_size: 512000
2021/12/17-10:42:30.038612 7ff4c18cb700                  Options.max_manifest_file_size: 1073741824
2021/12/17-10:42:30.038612 7ff4c18cb700                   Options.log_file_time_to_roll: 0
2021/12/17-10:42:30.038613 7ff4c18cb700                       Options.keep_log_file_num: 2
2021/12/17-10:42:30.038614 7ff4c18cb700                    Options.recycle_log_file_num: 0
2021/12/17-10:42:30.038615 7ff4c18cb700                         Options.allow_fallocate: 1
2021/12/17-10:42:30.038616 7ff4c18cb700                        Options.allow_mmap_reads: 0
2021/12/17-10:42:30.038616 7ff4c18cb700                       Options.allow_mmap_writes: 0
2021/12/17-10:42:30.038617 7ff4c18cb700                        Options.use_direct_reads: 0
2021/12/17-10:42:30.038618 7ff4c18cb700                        Options.use_direct_io_for_flush_and_compaction: 0
2021/12/17-10:42:30.038619 7ff4c18cb700          Options.create_missing_column_families: 0
2021/12/17-10:42:30.038620 7ff4c18cb700                              Options.db_log_dir: 
2021/12/17-10:42:30.038621 7ff4c18cb700                                 Options.wal_dir: /home/ubuntu/Documents/hivemq-ce-2021.3/data/persistence/retained_messages/040500_R/retained_messages_22
2021/12/17-10:42:30.038622 7ff4c18cb700                Options.table_cache_numshardbits: 6
2021/12/17-10:42:30.038622 7ff4c18cb700                         Options.WAL_ttl_seconds: 0
2021/12/17-10:42:30.038623 7ff4c18cb700                       Options.WAL_size_limit_MB: 0
2021/12/17-10:42:30.038624 7ff4c18cb700                        Options.max_write_batch_group_size_bytes: 1048576
2021/12/17-10:42:30.038625 7ff4c18cb700             Options.manifest_preallocation_size: 4194304
2021/12/17-10:42:30.038626 7ff4c18cb700                     Options.is_fd_close_on_exec: 1
2021/12/17-10:42:30.038627 7ff4c18cb700                   Options.advise_random_on_open: 1
2021/12/17-10:42:30.038627 7ff4c18cb700                    Options.db_write_buffer_size: 0
2021/12/17-10:42:30.038628 7ff4c18cb700                    Options.write_buffer_manager: 0x7ff4c812bb70
2021/12/17-10:42:30.038629 7ff4c18cb700         Options.access_hint_on_compaction_start: 1
2021/12/17-10:42:30.038630 7ff4c18cb700  Options.new_table_reader_for_compaction_inputs: 0
2021/12/17-10:42:30.038631 7ff4c18cb700           Options.random_access_max_buffer_size: 1048576
2021/12/17-10:42:30.038632 7ff4c18cb700                      Options.use_adaptive_mutex: 0
2021/12/17-10:42:30.038640 7ff4c18cb700                            Options.rate_limiter: (nil)
2021/12/17-10:42:30.038641 7ff4c18cb700     Options.sst_file_manager.rate_bytes_per_sec: 0
2021/12/17-10:42:30.038642 7ff4c18cb700                       Options.wal_recovery_mode: 2
2021/12/17-10:42:30.038643 7ff4c18cb700                  Options.enable_thread_tracking: 0
2021/12/17-10:42:30.038644 7ff4c18cb700                  Options.enable_pipelined_write: 0
2021/12/17-10:42:30.038644 7ff4c18cb700                  Options.unordered_write: 0
2021/12/17-10:42:30.038645 7ff4c18cb700         Options.allow_concurrent_memtable_write: 1
2021/12/17-10:42:30.038646 7ff4c18cb700      Options.enable_write_thread_adaptive_yield: 1
2021/12/17-10:42:30.038647 7ff4c18cb700             Options.write_thread_max_yield_usec: 100
2021/12/17-10:42:30.038648 7ff4c18cb700            Options.write_thread_slow_yield_usec: 3
2021/12/17-10:42:30.038649 7ff4c18cb700                               Options.row_cache: None
2021/12/17-10:42:30.038650 7ff4c18cb700                              Options.wal_filter: None
2021/12/17-10:42:30.038650 7ff4c18cb700             Options.avoid_flush_during_recovery: 0
2021/12/17-10:42:30.038651 7ff4c18cb700             Options.allow_ingest_behind: 0
2021/12/17-10:42:30.038652 7ff4c18cb700             Options.preserve_deletes: 0
2021/12/17-10:42:30.038653 7ff4c18cb700             Options.two_write_queues: 0
2021/12/17-10:42:30.038653 7ff4c18cb700             Options.manual_wal_flush: 0
2021/12/17-10:42:30.038654 7ff4c18cb700             Options.atomic_flush: 0
2021/12/17-10:42:30.038655 7ff4c18cb700             Options.avoid_unnecessary_blocking_io: 0
2021/12/17-10:42:30.038656 7ff4c18cb700                 Options.persist_stats_to_disk: 0
2021/12/17-10:42:30.038657 7ff4c18cb700                 Options.write_dbid_to_manifest: 0
2021/12/17-10:42:30.038658 7ff4c18cb700                 Options.log_readahead_size: 0
2021/12/17-10:42:30.038658 7ff4c18cb700                 Options.file_checksum_gen_factory: Unknown
2021/12/17-10:42:30.038659 7ff4c18cb700                 Options.best_efforts_recovery: 0
2021/12/17-10:42:30.038660 7ff4c18cb700                Options.max_bgerror_resume_count: 2147483647
2021/12/17-10:42:30.038661 7ff4c18cb700            Options.bgerror_resume_retry_interval: 1000000
2021/12/17-10:42:30.038662 7ff4c18cb700             Options.allow_data_in_errors: 0
2021/12/17-10:42:30.038662 7ff4c18cb700             Options.db_host_id: __hostname__
2021/12/17-10:42:30.038663 7ff4c18cb700             Options.max_background_jobs: 2
2021/12/17-10:42:30.038664 7ff4c18cb700             Options.max_background_compactions: -1
2021/12/17-10:42:30.038665 7ff4c18cb700             Options.max_subcompactions: 1
2021/12/17-10:42:30.038666 7ff4c18cb700             Options.avoid_flush_during_shutdown: 0
2021/12/17-10:42:30.038667 7ff4c18cb700           Options.writable_file_max_buffer_size: 1048576
2021/12/17-10:42:30.038668 7ff4c18cb700             Options.delayed_write_rate : 16777216
2021/12/17-10:42:30.038669 7ff4c18cb700             Options.max_total_wal_size: 0
2021/12/17-10:42:30.038669 7ff4c18cb700             Options.delete_obsolete_files_period_micros: 21600000000
2021/12/17-10:42:30.038670 7ff4c18cb700                   Options.stats_dump_period_sec: 0
2021/12/17-10:42:30.038671 7ff4c18cb700                 Options.stats_persist_period_sec: 0
2021/12/17-10:42:30.038672 7ff4c18cb700                 Options.stats_history_buffer_size: 65536
2021/12/17-10:42:30.038673 7ff4c18cb700                          Options.max_open_files: -1
2021/12/17-10:42:30.038674 7ff4c18cb700                          Options.bytes_per_sync: 0
2021/12/17-10:42:30.038675 7ff4c18cb700                      Options.wal_bytes_per_sync: 0
2021/12/17-10:42:30.038675 7ff4c18cb700                   Options.strict_bytes_per_sync: 0
2021/12/17-10:42:30.038676 7ff4c18cb700       Options.compaction_readahead_size: 0
2021/12/17-10:42:30.038677 7ff4c18cb700                  Options.max_background_flushes: -1
2021/12/17-10:42:30.038678 7ff4c18cb700 Compression algorithms supported:
2021/12/17-10:42:30.038683 7ff4c18cb700 	kZSTDNotFinalCompression supported: 1
2021/12/17-10:42:30.038685 7ff4c18cb700 	kZSTD supported: 1
2021/12/17-10:42:30.038685 7ff4c18cb700 	kXpressCompression supported: 0
2021/12/17-10:42:30.038686 7ff4c18cb700 	kLZ4HCCompression supported: 1
2021/12/17-10:42:30.038687 7ff4c18cb700 	kLZ4Compression supported: 1
2021/12/17-10:42:30.038688 7ff4c18cb700 	kBZip2Compression supported: 1
2021/12/17-10:42:30.038689 7ff4c18cb700 	kZlibCompression supported: 1
2021/12/17-10:42:30.038690 7ff4c18cb700 	kSnappyCompression supported: 1
2021/12/17-10:42:30.038691 7ff4c18cb700 Fast CRC32 supported: Not supported on x86
2021/12/17-10:42:30.046131 7ff4c18cb700 [/db_impl/db_impl_open.cc:285] Creating manifest 1 
2021/12/17-10:42:30.115807 7ff4c18cb700 [/version_set.cc:4627] Recovering from manifest file: /home/ubuntu/Documents/hivemq-ce-2021.3/data/persistence/retained_messages/040500_R/retained_messages_22/MANIFEST-000001
2021/12/17-10:42:30.115925 7ff4c18cb700 [/column_family.cc:598] --------------- Options for column family [default]:
2021/12/17-10:42:30.115930 7ff4c18cb700               Options.comparator: leveldb.BytewiseComparator
2021/12/17-10:42:30.115931 7ff4c18cb700           Options.merge_operator: None
2021/12/17-10:42:30.115932 7ff4c18cb700        Options.compaction_filter: None
2021/12/17-10:42:30.115933 7ff4c18cb700        Options.compaction_filter_factory: None
2021/12/17-10:42:30.115933 7ff4c18cb700  Options.sst_partitioner_factory: None
2021/12/17-10:42:30.115934 7ff4c18cb700         Options.memtable_factory: SkipListFactory
2021/12/17-10:42:30.115936 7ff4c18cb700            Options.table_factory: BlockBasedTable
2021/12/17-10:42:30.115955 7ff4c18cb700            table_factory options:   flush_block_policy_factory: FlushBlockBySizePolicyFactory (0x7ff4a006ca20)
  cache_index_and_filter_blocks: 0
  cache_index_and_filter_blocks_with_high_priority: 1
  pin_l0_filter_and_index_blocks_in_cache: 0
  pin_top_level_index_and_filter: 1
  index_type: 0
  data_block_index_type: 0
  index_shortening: 1
  data_block_hash_table_util_ratio: 0.750000
  hash_index_allow_collision: 1
  checksum: 1
  no_block_cache: 0
  block_cache: 0x7ff4a006c9a0
  block_cache_name: LRUCache
  block_cache_options:
    capacity : 128753152
    num_shard_bits : 6
    strict_capacity_limit : 0
    memory_allocator : None
    high_pri_pool_ratio: 0.000
  block_cache_compressed: (nil)
  persistent_cache: (nil)
  block_size: 32768
  block_size_deviation: 10
  block_restart_interval: 16
  index_block_restart_interval: 1
  metadata_block_size: 4096
  partition_filters: 0
  use_delta_encoding: 1
  filter_policy: nullptr
  whole_key_filtering: 1
  verify_compression: 0
  read_amp_bytes_per_bit: 0
  format_version: 5
  enable_index_compression: 1
  block_align: 0
2021/12/17-10:42:30.115957 7ff4c18cb700        Options.write_buffer_size: 4023536
2021/12/17-10:42:30.115958 7ff4c18cb700  Options.max_write_buffer_number: 2
2021/12/17-10:42:30.115959 7ff4c18cb700          Options.compression: Snappy
2021/12/17-10:42:30.115960 7ff4c18cb700                  Options.bottommost_compression: Disabled
2021/12/17-10:42:30.115961 7ff4c18cb700       Options.prefix_extractor: nullptr
2021/12/17-10:42:30.115962 7ff4c18cb700   Options.memtable_insert_with_hint_prefix_extractor: nullptr
2021/12/17-10:42:30.115963 7ff4c18cb700             Options.num_levels: 7
2021/12/17-10:42:30.115964 7ff4c18cb700        Options.min_write_buffer_number_to_merge: 1
2021/12/17-10:42:30.115964 7ff4c18cb700     Options.max_write_buffer_number_to_maintain: 0
2021/12/17-10:42:30.115965 7ff4c18cb700     Options.max_write_buffer_size_to_maintain: 0
2021/12/17-10:42:30.115966 7ff4c18cb700            Options.bottommost_compression_opts.window_bits: -14
2021/12/17-10:42:30.115969 7ff4c18cb700                  Options.bottommost_compression_opts.level: 32767
2021/12/17-10:42:30.115970 7ff4c18cb700               Options.bottommost_compression_opts.strategy: 0
2021/12/17-10:42:30.115971 7ff4c18cb700         Options.bottommost_compression_opts.max_dict_bytes: 0
2021/12/17-10:42:30.115985 7ff4c18cb700         Options.bottommost_compression_opts.zstd_max_train_bytes: 0
2021/12/17-10:42:30.115986 7ff4c18cb700         Options.bottommost_compression_opts.parallel_threads: 1
2021/12/17-10:42:30.115987 7ff4c18cb700                  Options.bottommost_compression_opts.enabled: false
2021/12/17-10:42:30.115987 7ff4c18cb700         Options.bottommost_compression_opts.max_dict_buffer_bytes: 0
2021/12/17-10:42:30.115988 7ff4c18cb700            Options.compression_opts.window_bits: -14
2021/12/17-10:42:30.115989 7ff4c18cb700                  Options.compression_opts.level: 32767
2021/12/17-10:42:30.115990 7ff4c18cb700               Options.compression_opts.strategy: 0
2021/12/17-10:42:30.115991 7ff4c18cb700         Options.compression_opts.max_dict_bytes: 0
2021/12/17-10:42:30.115992 7ff4c18cb700         Options.compression_opts.zstd_max_train_bytes: 0
2021/12/17-10:42:30.115993 7ff4c18cb700         Options.compression_opts.parallel_threads: 1
2021/12/17-10:42:30.115993 7ff4c18cb700                  Options.compression_opts.enabled: false
2021/12/17-10:42:30.115994 7ff4c18cb700         Options.compression_opts.max_dict_buffer_bytes: 0
2021/12/17-10:42:30.115995 7ff4c18cb700      Options.level0_file_num_compaction_trigger: 4
2021/12/17-10:42:30.115996 7ff4c18cb700          Options.level0_slowdown_writes_trigger: 20
2021/12/17-10:42:30.115997 7ff4c18cb700              Options.level0_stop_writes_trigger: 36
2021/12/17-10:42:30.115998 7ff4c18cb700                   Options.target_file_size_base: 67108864
2021/12/17-10:42:30.115998 7ff4c18cb700             Options.target_file_size_multiplier: 1
2021/12/17-10:42:30.115999 7ff4c18cb700                Options.max_bytes_for_level_base: 268435456
2021/12/17-10:42:30.116000 7ff4c18cb700 Options.level_compaction_dynamic_level_bytes: 0
2021/12/17-10:42:30.116002 7ff4c18cb700          Options.max_bytes_for_level_multiplier: 10.000000
2021/12/17-10:42:30.116003 7ff4c18cb700 Options.max_bytes_for_level_multiplier_addtl[0]: 1
2021/12/17-10:42:30.116004 7ff4c18cb700 Options.max_bytes_for_level_multiplier_addtl[1]: 1
2021/12/17-10:42:30.116005 7ff4c18cb700 Options.max_bytes_for_level_multiplier_addtl[2]: 1
2021/12/17-10:42:30.116005 7ff4c18cb700 Options.max_bytes_for_level_multiplier_addtl[3]: 1
2021/12/17-10:42:30.116006 7ff4c18cb700 Options.max_bytes_for_level_multiplier_addtl[4]: 1
2021/12/17-10:42:30.116007 7ff4c18cb700 Options.max_bytes_for_level_multiplier_addtl[5]: 1
2021/12/17-10:42:30.116008 7ff4c18cb700 Options.max_bytes_for_level_multiplier_addtl[6]: 1
2021/12/17-10:42:30.116009 7ff4c18cb700       Options.max_sequential_skip_in_iterations: 8
2021/12/17-10:42:30.116010 7ff4c18cb700                    Options.max_compaction_bytes: 1677721600
2021/12/17-10:42:30.116010 7ff4c18cb700                        Options.arena_block_size: 503808
2021/12/17-10:42:30.116011 7ff4c18cb700   Options.soft_pending_compaction_bytes_limit: 68719476736
2021/12/17-10:42:30.116012 7ff4c18cb700   Options.hard_pending_compaction_bytes_limit: 274877906944
2021/12/17-10:42:30.116013 7ff4c18cb700       Options.rate_limit_delay_max_milliseconds: 100
2021/12/17-10:42:30.116014 7ff4c18cb700                Options.disable_auto_compactions: 0
2021/12/17-10:42:30.116015 7ff4c18cb700                        Options.compaction_style: kCompactionStyleLevel
2021/12/17-10:42:30.116016 7ff4c18cb700                          Options.compaction_pri: kMinOverlappingRatio
2021/12/17-10:42:30.116017 7ff4c18cb700 Options.compaction_options_universal.size_ratio: 1
2021/12/17-10:42:30.116018 7ff4c18cb700 Options.compaction_options_universal.min_merge_width: 2
2021/12/17-10:42:30.116019 7ff4c18cb700 Options.compaction_options_universal.max_merge_width: 4294967295
2021/12/17-10:42:30.116022 7ff4c18cb700 Options.compaction_options_universal.max_size_amplification_percent: 200
2021/12/17-10:42:30.116023 7ff4c18cb700 Options.compaction_options_universal.compression_size_percent: -1
2021/12/17-10:42:30.116024 7ff4c18cb700 Options.compaction_options_universal.stop_style: kCompactionStopStyleTotalSize
2021/12/17-10:42:30.116088 7ff4c18cb700 Options.compaction_options_fifo.max_table_files_size: 1073741824
2021/12/17-10:42:30.116090 7ff4c18cb700 Options.compaction_options_fifo.allow_compaction: 0
2021/12/17-10:42:30.116095 7ff4c18cb700                   Options.table_properties_collectors: 
2021/12/17-10:42:30.116096 7ff4c18cb700                   Options.inplace_update_support: 0
2021/12/17-10:42:30.116097 7ff4c18cb700                 Options.inplace_update_num_locks: 10000
2021/12/17-10:42:30.116098 7ff4c18cb700               Options.memtable_prefix_bloom_size_ratio: 0.000000
2021/12/17-10:42:30.116099 7ff4c18cb700               Options.memtable_whole_key_filtering: 0
2021/12/17-10:42:30.116100 7ff4c18cb700   Options.memtable_huge_page_size: 0
2021/12/17-10:42:30.116101 7ff4c18cb700                           Options.bloom_locality: 0
2021/12/17-10:42:30.116102 7ff4c18cb700                    Options.max_successive_merges: 0
2021/12/17-10:42:30.116103 7ff4c18cb700                Options.optimize_filters_for_hits: 0
2021/12/17-10:42:30.116103 7ff4c18cb700                Options.paranoid_file_checks: 0
2021/12/17-10:42:30.116104 7ff4c18cb700                Options.force_consistency_checks: 1
2021/12/17-10:42:30.116105 7ff4c18cb700                Options.report_bg_io_stats: 0
2021/12/17-10:42:30.116106 7ff4c18cb700                               Options.ttl: 2592000
2021/12/17-10:42:30.116107 7ff4c18cb700          Options.periodic_compaction_seconds: 0
2021/12/17-10:42:30.116108 7ff4c18cb700                    Options.enable_blob_files: false
2021/12/17-10:42:30.116108 7ff4c18cb700                        Options.min_blob_size: 0
2021/12/17-10:42:30.116109 7ff4c18cb700                       Options.blob_file_size: 268435456
2021/12/17-10:42:30.116110 7ff4c18cb700                Options.blob_compression_type: NoCompression
2021/12/17-10:42:30.116111 7ff4c18cb700       Options.enable_blob_garbage_collection: false
2021/12/17-10:42:30.116112 7ff4c18cb700   Options.blob_garbage_collection_age_cutoff: 0.250000
2021/12/17-10:42:30.121004 7ff4c18cb700 [/version_set.cc:4675] Recovered from manifest file:/home/ubuntu/Documents/hivemq-ce-2021.3/data/persistence/retained_messages/040500_R/retained_messages_22/MANIFEST-000001 succeeded,manifest_file_number is 1, next_file_number is 3, last_sequence is 0, log_number is 0,prev_log_number is 0,max_column_family is 0,min_log_number_to_keep is 0
2021/12/17-10:42:30.121010 7ff4c18cb700 [/version_set.cc:4684] Column family [default] (ID 0), log number is 0
2021/12/17-10:42:30.121094 7ff4c18cb700 [/version_set.cc:4119] Creating manifest 4
2021/12/17-10:42:30.247401 7ff4c18cb700 [/db_impl/db_impl_open.cc:1757] SstFileManager instance 0x7ff4c8125c50
2021/12/17-10:42:30.247421 7ff4c18cb700 DB pointer 0x7ff4c812bc00
2021/12/17-10:50:52.350582 7ff4c22d5700 [/db_impl/db_impl.cc:463] Shutdown: canceling all background work
2021/12/17-10:50:52.350723 7ff4c22d5700 [/db_impl/db_impl.cc:642] Shutdown complete
