2021/12/17-10:42:30.528975 7ff4c22d5700 RocksDB version: 6.20.3
2021/12/17-10:42:30.529083 7ff4c22d5700 Compile date 2021-05-07 11:24:03
2021/12/17-10:42:30.529115 7ff4c22d5700 DB SUMMARY
2021/12/17-10:42:30.529117 7ff4c22d5700 DB Session ID:  9JNPUPVSE04DIEYDNSAF
2021/12/17-10:42:30.529133 7ff4c22d5700 SST files in /home/ubuntu/Documents/hivemq-ce-2021.3/data/persistence/retained_messages/040500_R/retained_messages_58 dir, Total Num: 0, files: 
2021/12/17-10:42:30.529134 7ff4c22d5700 Write Ahead Log file in /home/ubuntu/Documents/hivemq-ce-2021.3/data/persistence/retained_messages/040500_R/retained_messages_58: 
2021/12/17-10:42:30.529136 7ff4c22d5700                         Options.error_if_exists: 0
2021/12/17-10:42:30.529137 7ff4c22d5700                       Options.create_if_missing: 1
2021/12/17-10:42:30.529138 7ff4c22d5700                         Options.paranoid_checks: 1
2021/12/17-10:42:30.529139 7ff4c22d5700                               Options.track_and_verify_wals_in_manifest: 0
2021/12/17-10:42:30.529140 7ff4c22d5700                                     Options.env: 0x7ff4c35b80a0
2021/12/17-10:42:30.529141 7ff4c22d5700                                      Options.fs: Posix File System
2021/12/17-10:42:30.529222 7ff4c22d5700                                Options.info_log: 0x7ff4943467c0
2021/12/17-10:42:30.529226 7ff4c22d5700                Options.max_file_opening_threads: 16
2021/12/17-10:42:30.529227 7ff4c22d5700                              Options.statistics: 0x7ff4a0003190
2021/12/17-10:42:30.529229 7ff4c22d5700                               Options.use_fsync: 0
2021/12/17-10:42:30.529230 7ff4c22d5700                       Options.max_log_file_size: 512000
2021/12/17-10:42:30.529231 7ff4c22d5700                  Options.max_manifest_file_size: 1073741824
2021/12/17-10:42:30.529232 7ff4c22d5700                   Options.log_file_time_to_roll: 0
2021/12/17-10:42:30.529233 7ff4c22d5700                       Options.keep_log_file_num: 2
2021/12/17-10:42:30.529234 7ff4c22d5700                    Options.recycle_log_file_num: 0
2021/12/17-10:42:30.529235 7ff4c22d5700                         Options.allow_fallocate: 1
2021/12/17-10:42:30.529237 7ff4c22d5700                        Options.allow_mmap_reads: 0
2021/12/17-10:42:30.529238 7ff4c22d5700                       Options.allow_mmap_writes: 0
2021/12/17-10:42:30.529239 7ff4c22d5700                        Options.use_direct_reads: 0
2021/12/17-10:42:30.529240 7ff4c22d5700                        Options.use_direct_io_for_flush_and_compaction: 0
2021/12/17-10:42:30.529241 7ff4c22d5700          Options.create_missing_column_families: 0
2021/12/17-10:42:30.529242 7ff4c22d5700                              Options.db_log_dir: 
2021/12/17-10:42:30.529243 7ff4c22d5700                                 Options.wal_dir: /home/ubuntu/Documents/hivemq-ce-2021.3/data/persistence/retained_messages/040500_R/retained_messages_58
2021/12/17-10:42:30.529244 7ff4c22d5700                Options.table_cache_numshardbits: 6
2021/12/17-10:42:30.529245 7ff4c22d5700                         Options.WAL_ttl_seconds: 0
2021/12/17-10:42:30.529246 7ff4c22d5700                       Options.WAL_size_limit_MB: 0
2021/12/17-10:42:30.529247 7ff4c22d5700                        Options.max_write_batch_group_size_bytes: 1048576
2021/12/17-10:42:30.529249 7ff4c22d5700             Options.manifest_preallocation_size: 4194304
2021/12/17-10:42:30.529250 7ff4c22d5700                     Options.is_fd_close_on_exec: 1
2021/12/17-10:42:30.529251 7ff4c22d5700                   Options.advise_random_on_open: 1
2021/12/17-10:42:30.529252 7ff4c22d5700                    Options.db_write_buffer_size: 0
2021/12/17-10:42:30.529253 7ff4c22d5700                    Options.write_buffer_manager: 0x7ff4943e7480
2021/12/17-10:42:30.529254 7ff4c22d5700         Options.access_hint_on_compaction_start: 1
2021/12/17-10:42:30.529255 7ff4c22d5700  Options.new_table_reader_for_compaction_inputs: 0
2021/12/17-10:42:30.529256 7ff4c22d5700           Options.random_access_max_buffer_size: 1048576
2021/12/17-10:42:30.529334 7ff4c22d5700                      Options.use_adaptive_mutex: 0
2021/12/17-10:42:30.529348 7ff4c22d5700                            Options.rate_limiter: (nil)
2021/12/17-10:42:30.529350 7ff4c22d5700     Options.sst_file_manager.rate_bytes_per_sec: 0
2021/12/17-10:42:30.529351 7ff4c22d5700                       Options.wal_recovery_mode: 2
2021/12/17-10:42:30.529352 7ff4c22d5700                  Options.enable_thread_tracking: 0
2021/12/17-10:42:30.529352 7ff4c22d5700                  Options.enable_pipelined_write: 0
2021/12/17-10:42:30.529353 7ff4c22d5700                  Options.unordered_write: 0
2021/12/17-10:42:30.529354 7ff4c22d5700         Options.allow_concurrent_memtable_write: 1
2021/12/17-10:42:30.529355 7ff4c22d5700      Options.enable_write_thread_adaptive_yield: 1
2021/12/17-10:42:30.529356 7ff4c22d5700             Options.write_thread_max_yield_usec: 100
2021/12/17-10:42:30.529357 7ff4c22d5700            Options.write_thread_slow_yield_usec: 3
2021/12/17-10:42:30.529358 7ff4c22d5700                               Options.row_cache: None
2021/12/17-10:42:30.529359 7ff4c22d5700                              Options.wal_filter: None
2021/12/17-10:42:30.529360 7ff4c22d5700             Options.avoid_flush_during_recovery: 0
2021/12/17-10:42:30.529361 7ff4c22d5700             Options.allow_ingest_behind: 0
2021/12/17-10:42:30.529362 7ff4c22d5700             Options.preserve_deletes: 0
2021/12/17-10:42:30.529362 7ff4c22d5700             Options.two_write_queues: 0
2021/12/17-10:42:30.529363 7ff4c22d5700             Options.manual_wal_flush: 0
2021/12/17-10:42:30.529449 7ff4c22d5700             Options.atomic_flush: 0
2021/12/17-10:42:30.529451 7ff4c22d5700             Options.avoid_unnecessary_blocking_io: 0
2021/12/17-10:42:30.529452 7ff4c22d5700                 Options.persist_stats_to_disk: 0
2021/12/17-10:42:30.529453 7ff4c22d5700                 Options.write_dbid_to_manifest: 0
2021/12/17-10:42:30.529454 7ff4c22d5700                 Options.log_readahead_size: 0
2021/12/17-10:42:30.529455 7ff4c22d5700                 Options.file_checksum_gen_factory: Unknown
2021/12/17-10:42:30.529457 7ff4c22d5700                 Options.best_efforts_recovery: 0
2021/12/17-10:42:30.529458 7ff4c22d5700                Options.max_bgerror_resume_count: 2147483647
2021/12/17-10:42:30.529459 7ff4c22d5700            Options.bgerror_resume_retry_interval: 1000000
2021/12/17-10:42:30.529460 7ff4c22d5700             Options.allow_data_in_errors: 0
2021/12/17-10:42:30.529461 7ff4c22d5700             Options.db_host_id: __hostname__
2021/12/17-10:42:30.529462 7ff4c22d5700             Options.max_background_jobs: 2
2021/12/17-10:42:30.529463 7ff4c22d5700             Options.max_background_compactions: -1
2021/12/17-10:42:30.529464 7ff4c22d5700             Options.max_subcompactions: 1
2021/12/17-10:42:30.529465 7ff4c22d5700             Options.avoid_flush_during_shutdown: 0
2021/12/17-10:42:30.529465 7ff4c22d5700           Options.writable_file_max_buffer_size: 1048576
2021/12/17-10:42:30.529466 7ff4c22d5700             Options.delayed_write_rate : 16777216
2021/12/17-10:42:30.529467 7ff4c22d5700             Options.max_total_wal_size: 0
2021/12/17-10:42:30.529468 7ff4c22d5700             Options.delete_obsolete_files_period_micros: 21600000000
2021/12/17-10:42:30.529469 7ff4c22d5700                   Options.stats_dump_period_sec: 0
2021/12/17-10:42:30.529470 7ff4c22d5700                 Options.stats_persist_period_sec: 0
2021/12/17-10:42:30.529471 7ff4c22d5700                 Options.stats_history_buffer_size: 65536
2021/12/17-10:42:30.529472 7ff4c22d5700                          Options.max_open_files: -1
2021/12/17-10:42:30.529473 7ff4c22d5700                          Options.bytes_per_sync: 0
2021/12/17-10:42:30.529474 7ff4c22d5700                      Options.wal_bytes_per_sync: 0
2021/12/17-10:42:30.529475 7ff4c22d5700                   Options.strict_bytes_per_sync: 0
2021/12/17-10:42:30.529476 7ff4c22d5700       Options.compaction_readahead_size: 0
2021/12/17-10:42:30.529476 7ff4c22d5700                  Options.max_background_flushes: -1
2021/12/17-10:42:30.529477 7ff4c22d5700 Compression algorithms supported:
2021/12/17-10:42:30.529569 7ff4c22d5700 	kZSTDNotFinalCompression supported: 1
2021/12/17-10:42:30.529571 7ff4c22d5700 	kZSTD supported: 1
2021/12/17-10:42:30.529572 7ff4c22d5700 	kXpressCompression supported: 0
2021/12/17-10:42:30.529574 7ff4c22d5700 	kLZ4HCCompression supported: 1
2021/12/17-10:42:30.529587 7ff4c22d5700 	kLZ4Compression supported: 1
2021/12/17-10:42:30.529589 7ff4c22d5700 	kBZip2Compression supported: 1
2021/12/17-10:42:30.529590 7ff4c22d5700 	kZlibCompression supported: 1
2021/12/17-10:42:30.529591 7ff4c22d5700 	kSnappyCompression supported: 1
2021/12/17-10:42:30.529593 7ff4c22d5700 Fast CRC32 supported: Not supported on x86
2021/12/17-10:42:30.576557 7ff4c22d5700 [/db_impl/db_impl_open.cc:285] Creating manifest 1 
2021/12/17-10:42:30.671516 7ff4c22d5700 [/version_set.cc:4627] Recovering from manifest file: /home/ubuntu/Documents/hivemq-ce-2021.3/data/persistence/retained_messages/040500_R/retained_messages_58/MANIFEST-000001
2021/12/17-10:42:30.672961 7ff4c22d5700 [/column_family.cc:598] --------------- Options for column family [default]:
2021/12/17-10:42:30.672965 7ff4c22d5700               Options.comparator: leveldb.BytewiseComparator
2021/12/17-10:42:30.672966 7ff4c22d5700           Options.merge_operator: None
2021/12/17-10:42:30.672967 7ff4c22d5700        Options.compaction_filter: None
2021/12/17-10:42:30.672968 7ff4c22d5700        Options.compaction_filter_factory: None
2021/12/17-10:42:30.672969 7ff4c22d5700  Options.sst_partitioner_factory: None
2021/12/17-10:42:30.672970 7ff4c22d5700         Options.memtable_factory: SkipListFactory
2021/12/17-10:42:30.672971 7ff4c22d5700            Options.table_factory: BlockBasedTable
2021/12/17-10:42:30.673179 7ff4c22d5700            table_factory options:   flush_block_policy_factory: FlushBlockBySizePolicyFactory (0x7ff4a006ca20)
  cache_index_and_filter_blocks: 0
  cache_index_and_filter_blocks_with_high_priority: 1
  pin_l0_filter_and_index_blocks_in_cache: 0
  pin_top_level_index_and_filter: 1
  index_type: 0
  data_block_index_type: 0
  index_shortening: 1
  data_block_hash_table_util_ratio: 0.750000
  hash_index_allow_collision: 1
  checksum: 1
  no_block_cache: 0
  block_cache: 0x7ff4a006c9a0
  block_cache_name: LRUCache
  block_cache_options:
    capacity : 128753152
    num_shard_bits : 6
    strict_capacity_limit : 0
    memory_allocator : None
    high_pri_pool_ratio: 0.000
  block_cache_compressed: (nil)
  persistent_cache: (nil)
  block_size: 32768
  block_size_deviation: 10
  block_restart_interval: 16
  index_block_restart_interval: 1
  metadata_block_size: 4096
  partition_filters: 0
  use_delta_encoding: 1
  filter_policy: nullptr
  whole_key_filtering: 1
  verify_compression: 0
  read_amp_bytes_per_bit: 0
  format_version: 5
  enable_index_compression: 1
  block_align: 0
2021/12/17-10:42:30.673183 7ff4c22d5700        Options.write_buffer_size: 4023536
2021/12/17-10:42:30.673184 7ff4c22d5700  Options.max_write_buffer_number: 2
2021/12/17-10:42:30.673185 7ff4c22d5700          Options.compression: Snappy
2021/12/17-10:42:30.673186 7ff4c22d5700                  Options.bottommost_compression: Disabled
2021/12/17-10:42:30.673199 7ff4c22d5700       Options.prefix_extractor: nullptr
2021/12/17-10:42:30.673202 7ff4c22d5700   Options.memtable_insert_with_hint_prefix_extractor: nullptr
2021/12/17-10:42:30.673203 7ff4c22d5700             Options.num_levels: 7
2021/12/17-10:42:30.673204 7ff4c22d5700        Options.min_write_buffer_number_to_merge: 1
2021/12/17-10:42:30.673205 7ff4c22d5700     Options.max_write_buffer_number_to_maintain: 0
2021/12/17-10:42:30.673206 7ff4c22d5700     Options.max_write_buffer_size_to_maintain: 0
2021/12/17-10:42:30.673207 7ff4c22d5700            Options.bottommost_compression_opts.window_bits: -14
2021/12/17-10:42:30.673209 7ff4c22d5700                  Options.bottommost_compression_opts.level: 32767
2021/12/17-10:42:30.673210 7ff4c22d5700               Options.bottommost_compression_opts.strategy: 0
2021/12/17-10:42:30.673211 7ff4c22d5700         Options.bottommost_compression_opts.max_dict_bytes: 0
2021/12/17-10:42:30.673322 7ff4c22d5700         Options.bottommost_compression_opts.zstd_max_train_bytes: 0
2021/12/17-10:42:30.673324 7ff4c22d5700         Options.bottommost_compression_opts.parallel_threads: 1
2021/12/17-10:42:30.673325 7ff4c22d5700                  Options.bottommost_compression_opts.enabled: false
2021/12/17-10:42:30.673330 7ff4c22d5700         Options.bottommost_compression_opts.max_dict_buffer_bytes: 0
2021/12/17-10:42:30.673331 7ff4c22d5700            Options.compression_opts.window_bits: -14
2021/12/17-10:42:30.673332 7ff4c22d5700                  Options.compression_opts.level: 32767
2021/12/17-10:42:30.673333 7ff4c22d5700               Options.compression_opts.strategy: 0
2021/12/17-10:42:30.673333 7ff4c22d5700         Options.compression_opts.max_dict_bytes: 0
2021/12/17-10:42:30.673334 7ff4c22d5700         Options.compression_opts.zstd_max_train_bytes: 0
2021/12/17-10:42:30.673335 7ff4c22d5700         Options.compression_opts.parallel_threads: 1
2021/12/17-10:42:30.673336 7ff4c22d5700                  Options.compression_opts.enabled: false
2021/12/17-10:42:30.673337 7ff4c22d5700         Options.compression_opts.max_dict_buffer_bytes: 0
2021/12/17-10:42:30.673338 7ff4c22d5700      Options.level0_file_num_compaction_trigger: 4
2021/12/17-10:42:30.673338 7ff4c22d5700          Options.level0_slowdown_writes_trigger: 20
2021/12/17-10:42:30.673339 7ff4c22d5700              Options.level0_stop_writes_trigger: 36
2021/12/17-10:42:30.673340 7ff4c22d5700                   Options.target_file_size_base: 67108864
2021/12/17-10:42:30.673341 7ff4c22d5700             Options.target_file_size_multiplier: 1
2021/12/17-10:42:30.673342 7ff4c22d5700                Options.max_bytes_for_level_base: 268435456
2021/12/17-10:42:30.673342 7ff4c22d5700 Options.level_compaction_dynamic_level_bytes: 0
2021/12/17-10:42:30.673344 7ff4c22d5700          Options.max_bytes_for_level_multiplier: 10.000000
2021/12/17-10:42:30.673346 7ff4c22d5700 Options.max_bytes_for_level_multiplier_addtl[0]: 1
2021/12/17-10:42:30.673347 7ff4c22d5700 Options.max_bytes_for_level_multiplier_addtl[1]: 1
2021/12/17-10:42:30.673348 7ff4c22d5700 Options.max_bytes_for_level_multiplier_addtl[2]: 1
2021/12/17-10:42:30.673348 7ff4c22d5700 Options.max_bytes_for_level_multiplier_addtl[3]: 1
2021/12/17-10:42:30.673349 7ff4c22d5700 Options.max_bytes_for_level_multiplier_addtl[4]: 1
2021/12/17-10:42:30.673350 7ff4c22d5700 Options.max_bytes_for_level_multiplier_addtl[5]: 1
2021/12/17-10:42:30.673351 7ff4c22d5700 Options.max_bytes_for_level_multiplier_addtl[6]: 1
2021/12/17-10:42:30.673352 7ff4c22d5700       Options.max_sequential_skip_in_iterations: 8
2021/12/17-10:42:30.673353 7ff4c22d5700                    Options.max_compaction_bytes: 1677721600
2021/12/17-10:42:30.673353 7ff4c22d5700                        Options.arena_block_size: 503808
2021/12/17-10:42:30.673354 7ff4c22d5700   Options.soft_pending_compaction_bytes_limit: 68719476736
2021/12/17-10:42:30.673355 7ff4c22d5700   Options.hard_pending_compaction_bytes_limit: 274877906944
2021/12/17-10:42:30.673356 7ff4c22d5700       Options.rate_limit_delay_max_milliseconds: 100
2021/12/17-10:42:30.673357 7ff4c22d5700                Options.disable_auto_compactions: 0
2021/12/17-10:42:30.673358 7ff4c22d5700                        Options.compaction_style: kCompactionStyleLevel
2021/12/17-10:42:30.673359 7ff4c22d5700                          Options.compaction_pri: kMinOverlappingRatio
2021/12/17-10:42:30.673360 7ff4c22d5700 Options.compaction_options_universal.size_ratio: 1
2021/12/17-10:42:30.673361 7ff4c22d5700 Options.compaction_options_universal.min_merge_width: 2
2021/12/17-10:42:30.673362 7ff4c22d5700 Options.compaction_options_universal.max_merge_width: 4294967295
2021/12/17-10:42:30.673363 7ff4c22d5700 Options.compaction_options_universal.max_size_amplification_percent: 200
2021/12/17-10:42:30.673363 7ff4c22d5700 Options.compaction_options_universal.compression_size_percent: -1
2021/12/17-10:42:30.673364 7ff4c22d5700 Options.compaction_options_universal.stop_style: kCompactionStopStyleTotalSize
2021/12/17-10:42:30.673374 7ff4c22d5700 Options.compaction_options_fifo.max_table_files_size: 1073741824
2021/12/17-10:42:30.673375 7ff4c22d5700 Options.compaction_options_fifo.allow_compaction: 0
2021/12/17-10:42:30.673380 7ff4c22d5700                   Options.table_properties_collectors: 
2021/12/17-10:42:30.673380 7ff4c22d5700                   Options.inplace_update_support: 0
2021/12/17-10:42:30.673381 7ff4c22d5700                 Options.inplace_update_num_locks: 10000
2021/12/17-10:42:30.673382 7ff4c22d5700               Options.memtable_prefix_bloom_size_ratio: 0.000000
2021/12/17-10:42:30.673383 7ff4c22d5700               Options.memtable_whole_key_filtering: 0
2021/12/17-10:42:30.673384 7ff4c22d5700   Options.memtable_huge_page_size: 0
2021/12/17-10:42:30.673385 7ff4c22d5700                           Options.bloom_locality: 0
2021/12/17-10:42:30.673386 7ff4c22d5700                    Options.max_successive_merges: 0
2021/12/17-10:42:30.673387 7ff4c22d5700                Options.optimize_filters_for_hits: 0
2021/12/17-10:42:30.673388 7ff4c22d5700                Options.paranoid_file_checks: 0
2021/12/17-10:42:30.673389 7ff4c22d5700                Options.force_consistency_checks: 1
2021/12/17-10:42:30.673389 7ff4c22d5700                Options.report_bg_io_stats: 0
2021/12/17-10:42:30.673390 7ff4c22d5700                               Options.ttl: 2592000
2021/12/17-10:42:30.673391 7ff4c22d5700          Options.periodic_compaction_seconds: 0
2021/12/17-10:42:30.673392 7ff4c22d5700                    Options.enable_blob_files: false
2021/12/17-10:42:30.673393 7ff4c22d5700                        Options.min_blob_size: 0
2021/12/17-10:42:30.673393 7ff4c22d5700                       Options.blob_file_size: 268435456
2021/12/17-10:42:30.673394 7ff4c22d5700                Options.blob_compression_type: NoCompression
2021/12/17-10:42:30.673395 7ff4c22d5700       Options.enable_blob_garbage_collection: false
2021/12/17-10:42:30.673397 7ff4c22d5700   Options.blob_garbage_collection_age_cutoff: 0.250000
2021/12/17-10:42:30.680748 7ff4c22d5700 [/version_set.cc:4675] Recovered from manifest file:/home/ubuntu/Documents/hivemq-ce-2021.3/data/persistence/retained_messages/040500_R/retained_messages_58/MANIFEST-000001 succeeded,manifest_file_number is 1, next_file_number is 3, last_sequence is 0, log_number is 0,prev_log_number is 0,max_column_family is 0,min_log_number_to_keep is 0
2021/12/17-10:42:30.680754 7ff4c22d5700 [/version_set.cc:4684] Column family [default] (ID 0), log number is 0
2021/12/17-10:42:30.680830 7ff4c22d5700 [/version_set.cc:4119] Creating manifest 4
2021/12/17-10:42:30.796443 7ff4c22d5700 [/db_impl/db_impl_open.cc:1757] SstFileManager instance 0x7ff4943e1a40
2021/12/17-10:42:30.796466 7ff4c22d5700 DB pointer 0x7ff49446e290
2021/12/17-10:50:52.440216 7ff4c1ccf700 [/db_impl/db_impl.cc:463] Shutdown: canceling all background work
2021/12/17-10:50:52.442474 7ff4c1ccf700 [/db_impl/db_impl.cc:642] Shutdown complete
