2021/12/17-10:42:29.746173 7ff4c1fd2700 RocksDB version: 6.20.3
2021/12/17-10:42:29.746198 7ff4c1fd2700 Compile date 2021-05-07 11:24:03
2021/12/17-10:42:29.746233 7ff4c1fd2700 DB SUMMARY
2021/12/17-10:42:29.746235 7ff4c1fd2700 DB Session ID:  1TL37XYOX2TAR56L2ECB
2021/12/17-10:42:29.746247 7ff4c1fd2700 SST files in /home/ubuntu/Documents/hivemq-ce-2021.3/data/persistence/retained_messages/040500_R/retained_messages_7 dir, Total Num: 0, files: 
2021/12/17-10:42:29.746249 7ff4c1fd2700 Write Ahead Log file in /home/ubuntu/Documents/hivemq-ce-2021.3/data/persistence/retained_messages/040500_R/retained_messages_7: 
2021/12/17-10:42:29.746250 7ff4c1fd2700                         Options.error_if_exists: 0
2021/12/17-10:42:29.746251 7ff4c1fd2700                       Options.create_if_missing: 1
2021/12/17-10:42:29.746252 7ff4c1fd2700                         Options.paranoid_checks: 1
2021/12/17-10:42:29.746253 7ff4c1fd2700                               Options.track_and_verify_wals_in_manifest: 0
2021/12/17-10:42:29.746254 7ff4c1fd2700                                     Options.env: 0x7ff4c35b80a0
2021/12/17-10:42:29.746255 7ff4c1fd2700                                      Options.fs: Posix File System
2021/12/17-10:42:29.746256 7ff4c1fd2700                                Options.info_log: 0x7ff4a81b3ae0
2021/12/17-10:42:29.746257 7ff4c1fd2700                Options.max_file_opening_threads: 16
2021/12/17-10:42:29.746257 7ff4c1fd2700                              Options.statistics: 0x7ff4a0003190
2021/12/17-10:42:29.746258 7ff4c1fd2700                               Options.use_fsync: 0
2021/12/17-10:42:29.746259 7ff4c1fd2700                       Options.max_log_file_size: 512000
2021/12/17-10:42:29.746260 7ff4c1fd2700                  Options.max_manifest_file_size: 1073741824
2021/12/17-10:42:29.746261 7ff4c1fd2700                   Options.log_file_time_to_roll: 0
2021/12/17-10:42:29.746262 7ff4c1fd2700                       Options.keep_log_file_num: 2
2021/12/17-10:42:29.746263 7ff4c1fd2700                    Options.recycle_log_file_num: 0
2021/12/17-10:42:29.746264 7ff4c1fd2700                         Options.allow_fallocate: 1
2021/12/17-10:42:29.746264 7ff4c1fd2700                        Options.allow_mmap_reads: 0
2021/12/17-10:42:29.746265 7ff4c1fd2700                       Options.allow_mmap_writes: 0
2021/12/17-10:42:29.746266 7ff4c1fd2700                        Options.use_direct_reads: 0
2021/12/17-10:42:29.746267 7ff4c1fd2700                        Options.use_direct_io_for_flush_and_compaction: 0
2021/12/17-10:42:29.746267 7ff4c1fd2700          Options.create_missing_column_families: 0
2021/12/17-10:42:29.746268 7ff4c1fd2700                              Options.db_log_dir: 
2021/12/17-10:42:29.746269 7ff4c1fd2700                                 Options.wal_dir: /home/ubuntu/Documents/hivemq-ce-2021.3/data/persistence/retained_messages/040500_R/retained_messages_7
2021/12/17-10:42:29.746270 7ff4c1fd2700                Options.table_cache_numshardbits: 6
2021/12/17-10:42:29.746271 7ff4c1fd2700                         Options.WAL_ttl_seconds: 0
2021/12/17-10:42:29.746272 7ff4c1fd2700                       Options.WAL_size_limit_MB: 0
2021/12/17-10:42:29.746273 7ff4c1fd2700                        Options.max_write_batch_group_size_bytes: 1048576
2021/12/17-10:42:29.746273 7ff4c1fd2700             Options.manifest_preallocation_size: 4194304
2021/12/17-10:42:29.746274 7ff4c1fd2700                     Options.is_fd_close_on_exec: 1
2021/12/17-10:42:29.746275 7ff4c1fd2700                   Options.advise_random_on_open: 1
2021/12/17-10:42:29.746276 7ff4c1fd2700                    Options.db_write_buffer_size: 0
2021/12/17-10:42:29.746277 7ff4c1fd2700                    Options.write_buffer_manager: 0x7ff4a81cb9a0
2021/12/17-10:42:29.746277 7ff4c1fd2700         Options.access_hint_on_compaction_start: 1
2021/12/17-10:42:29.746278 7ff4c1fd2700  Options.new_table_reader_for_compaction_inputs: 0
2021/12/17-10:42:29.746279 7ff4c1fd2700           Options.random_access_max_buffer_size: 1048576
2021/12/17-10:42:29.746280 7ff4c1fd2700                      Options.use_adaptive_mutex: 0
2021/12/17-10:42:29.746281 7ff4c1fd2700                            Options.rate_limiter: (nil)
2021/12/17-10:42:29.746289 7ff4c1fd2700     Options.sst_file_manager.rate_bytes_per_sec: 0
2021/12/17-10:42:29.746290 7ff4c1fd2700                       Options.wal_recovery_mode: 2
2021/12/17-10:42:29.746290 7ff4c1fd2700                  Options.enable_thread_tracking: 0
2021/12/17-10:42:29.746291 7ff4c1fd2700                  Options.enable_pipelined_write: 0
2021/12/17-10:42:29.746292 7ff4c1fd2700                  Options.unordered_write: 0
2021/12/17-10:42:29.746293 7ff4c1fd2700         Options.allow_concurrent_memtable_write: 1
2021/12/17-10:42:29.746294 7ff4c1fd2700      Options.enable_write_thread_adaptive_yield: 1
2021/12/17-10:42:29.746294 7ff4c1fd2700             Options.write_thread_max_yield_usec: 100
2021/12/17-10:42:29.746295 7ff4c1fd2700            Options.write_thread_slow_yield_usec: 3
2021/12/17-10:42:29.746296 7ff4c1fd2700                               Options.row_cache: None
2021/12/17-10:42:29.746297 7ff4c1fd2700                              Options.wal_filter: None
2021/12/17-10:42:29.746298 7ff4c1fd2700             Options.avoid_flush_during_recovery: 0
2021/12/17-10:42:29.746298 7ff4c1fd2700             Options.allow_ingest_behind: 0
2021/12/17-10:42:29.746299 7ff4c1fd2700             Options.preserve_deletes: 0
2021/12/17-10:42:29.746300 7ff4c1fd2700             Options.two_write_queues: 0
2021/12/17-10:42:29.746301 7ff4c1fd2700             Options.manual_wal_flush: 0
2021/12/17-10:42:29.746301 7ff4c1fd2700             Options.atomic_flush: 0
2021/12/17-10:42:29.746302 7ff4c1fd2700             Options.avoid_unnecessary_blocking_io: 0
2021/12/17-10:42:29.746303 7ff4c1fd2700                 Options.persist_stats_to_disk: 0
2021/12/17-10:42:29.746304 7ff4c1fd2700                 Options.write_dbid_to_manifest: 0
2021/12/17-10:42:29.746305 7ff4c1fd2700                 Options.log_readahead_size: 0
2021/12/17-10:42:29.746305 7ff4c1fd2700                 Options.file_checksum_gen_factory: Unknown
2021/12/17-10:42:29.746306 7ff4c1fd2700                 Options.best_efforts_recovery: 0
2021/12/17-10:42:29.746307 7ff4c1fd2700                Options.max_bgerror_resume_count: 2147483647
2021/12/17-10:42:29.746308 7ff4c1fd2700            Options.bgerror_resume_retry_interval: 1000000
2021/12/17-10:42:29.746309 7ff4c1fd2700             Options.allow_data_in_errors: 0
2021/12/17-10:42:29.746310 7ff4c1fd2700             Options.db_host_id: __hostname__
2021/12/17-10:42:29.746311 7ff4c1fd2700             Options.max_background_jobs: 2
2021/12/17-10:42:29.746312 7ff4c1fd2700             Options.max_background_compactions: -1
2021/12/17-10:42:29.746312 7ff4c1fd2700             Options.max_subcompactions: 1
2021/12/17-10:42:29.746313 7ff4c1fd2700             Options.avoid_flush_during_shutdown: 0
2021/12/17-10:42:29.746314 7ff4c1fd2700           Options.writable_file_max_buffer_size: 1048576
2021/12/17-10:42:29.746315 7ff4c1fd2700             Options.delayed_write_rate : 16777216
2021/12/17-10:42:29.746316 7ff4c1fd2700             Options.max_total_wal_size: 0
2021/12/17-10:42:29.746317 7ff4c1fd2700             Options.delete_obsolete_files_period_micros: 21600000000
2021/12/17-10:42:29.746317 7ff4c1fd2700                   Options.stats_dump_period_sec: 0
2021/12/17-10:42:29.746318 7ff4c1fd2700                 Options.stats_persist_period_sec: 0
2021/12/17-10:42:29.746319 7ff4c1fd2700                 Options.stats_history_buffer_size: 65536
2021/12/17-10:42:29.746320 7ff4c1fd2700                          Options.max_open_files: -1
2021/12/17-10:42:29.746321 7ff4c1fd2700                          Options.bytes_per_sync: 0
2021/12/17-10:42:29.746321 7ff4c1fd2700                      Options.wal_bytes_per_sync: 0
2021/12/17-10:42:29.746322 7ff4c1fd2700                   Options.strict_bytes_per_sync: 0
2021/12/17-10:42:29.746323 7ff4c1fd2700       Options.compaction_readahead_size: 0
2021/12/17-10:42:29.746324 7ff4c1fd2700                  Options.max_background_flushes: -1
2021/12/17-10:42:29.746325 7ff4c1fd2700 Compression algorithms supported:
2021/12/17-10:42:29.746330 7ff4c1fd2700 	kZSTDNotFinalCompression supported: 1
2021/12/17-10:42:29.746331 7ff4c1fd2700 	kZSTD supported: 1
2021/12/17-10:42:29.746332 7ff4c1fd2700 	kXpressCompression supported: 0
2021/12/17-10:42:29.746333 7ff4c1fd2700 	kLZ4HCCompression supported: 1
2021/12/17-10:42:29.746334 7ff4c1fd2700 	kLZ4Compression supported: 1
2021/12/17-10:42:29.746335 7ff4c1fd2700 	kBZip2Compression supported: 1
2021/12/17-10:42:29.746335 7ff4c1fd2700 	kZlibCompression supported: 1
2021/12/17-10:42:29.746336 7ff4c1fd2700 	kSnappyCompression supported: 1
2021/12/17-10:42:29.746338 7ff4c1fd2700 Fast CRC32 supported: Not supported on x86
2021/12/17-10:42:29.796172 7ff4c1fd2700 [/db_impl/db_impl_open.cc:285] Creating manifest 1 
2021/12/17-10:42:29.851116 7ff4c1fd2700 [/version_set.cc:4627] Recovering from manifest file: /home/ubuntu/Documents/hivemq-ce-2021.3/data/persistence/retained_messages/040500_R/retained_messages_7/MANIFEST-000001
2021/12/17-10:42:29.851743 7ff4c1fd2700 [/column_family.cc:598] --------------- Options for column family [default]:
2021/12/17-10:42:29.851748 7ff4c1fd2700               Options.comparator: leveldb.BytewiseComparator
2021/12/17-10:42:29.851750 7ff4c1fd2700           Options.merge_operator: None
2021/12/17-10:42:29.851750 7ff4c1fd2700        Options.compaction_filter: None
2021/12/17-10:42:29.851751 7ff4c1fd2700        Options.compaction_filter_factory: None
2021/12/17-10:42:29.851752 7ff4c1fd2700  Options.sst_partitioner_factory: None
2021/12/17-10:42:29.851753 7ff4c1fd2700         Options.memtable_factory: SkipListFactory
2021/12/17-10:42:29.851754 7ff4c1fd2700            Options.table_factory: BlockBasedTable
2021/12/17-10:42:29.851773 7ff4c1fd2700            table_factory options:   flush_block_policy_factory: FlushBlockBySizePolicyFactory (0x7ff4a006ca20)
  cache_index_and_filter_blocks: 0
  cache_index_and_filter_blocks_with_high_priority: 1
  pin_l0_filter_and_index_blocks_in_cache: 0
  pin_top_level_index_and_filter: 1
  index_type: 0
  data_block_index_type: 0
  index_shortening: 1
  data_block_hash_table_util_ratio: 0.750000
  hash_index_allow_collision: 1
  checksum: 1
  no_block_cache: 0
  block_cache: 0x7ff4a006c9a0
  block_cache_name: LRUCache
  block_cache_options:
    capacity : 128753152
    num_shard_bits : 6
    strict_capacity_limit : 0
    memory_allocator : None
    high_pri_pool_ratio: 0.000
  block_cache_compressed: (nil)
  persistent_cache: (nil)
  block_size: 32768
  block_size_deviation: 10
  block_restart_interval: 16
  index_block_restart_interval: 1
  metadata_block_size: 4096
  partition_filters: 0
  use_delta_encoding: 1
  filter_policy: nullptr
  whole_key_filtering: 1
  verify_compression: 0
  read_amp_bytes_per_bit: 0
  format_version: 5
  enable_index_compression: 1
  block_align: 0
2021/12/17-10:42:29.851774 7ff4c1fd2700        Options.write_buffer_size: 4023536
2021/12/17-10:42:29.851775 7ff4c1fd2700  Options.max_write_buffer_number: 2
2021/12/17-10:42:29.851776 7ff4c1fd2700          Options.compression: Snappy
2021/12/17-10:42:29.851777 7ff4c1fd2700                  Options.bottommost_compression: Disabled
2021/12/17-10:42:29.851778 7ff4c1fd2700       Options.prefix_extractor: nullptr
2021/12/17-10:42:29.851779 7ff4c1fd2700   Options.memtable_insert_with_hint_prefix_extractor: nullptr
2021/12/17-10:42:29.851780 7ff4c1fd2700             Options.num_levels: 7
2021/12/17-10:42:29.851781 7ff4c1fd2700        Options.min_write_buffer_number_to_merge: 1
2021/12/17-10:42:29.851782 7ff4c1fd2700     Options.max_write_buffer_number_to_maintain: 0
2021/12/17-10:42:29.851783 7ff4c1fd2700     Options.max_write_buffer_size_to_maintain: 0
2021/12/17-10:42:29.851784 7ff4c1fd2700            Options.bottommost_compression_opts.window_bits: -14
2021/12/17-10:42:29.851784 7ff4c1fd2700                  Options.bottommost_compression_opts.level: 32767
2021/12/17-10:42:29.851785 7ff4c1fd2700               Options.bottommost_compression_opts.strategy: 0
2021/12/17-10:42:29.851786 7ff4c1fd2700         Options.bottommost_compression_opts.max_dict_bytes: 0
2021/12/17-10:42:29.851801 7ff4c1fd2700         Options.bottommost_compression_opts.zstd_max_train_bytes: 0
2021/12/17-10:42:29.851802 7ff4c1fd2700         Options.bottommost_compression_opts.parallel_threads: 1
2021/12/17-10:42:29.851803 7ff4c1fd2700                  Options.bottommost_compression_opts.enabled: false
2021/12/17-10:42:29.851804 7ff4c1fd2700         Options.bottommost_compression_opts.max_dict_buffer_bytes: 0
2021/12/17-10:42:29.851805 7ff4c1fd2700            Options.compression_opts.window_bits: -14
2021/12/17-10:42:29.851806 7ff4c1fd2700                  Options.compression_opts.level: 32767
2021/12/17-10:42:29.851807 7ff4c1fd2700               Options.compression_opts.strategy: 0
2021/12/17-10:42:29.851807 7ff4c1fd2700         Options.compression_opts.max_dict_bytes: 0
2021/12/17-10:42:29.851808 7ff4c1fd2700         Options.compression_opts.zstd_max_train_bytes: 0
2021/12/17-10:42:29.851809 7ff4c1fd2700         Options.compression_opts.parallel_threads: 1
2021/12/17-10:42:29.851810 7ff4c1fd2700                  Options.compression_opts.enabled: false
2021/12/17-10:42:29.851811 7ff4c1fd2700         Options.compression_opts.max_dict_buffer_bytes: 0
2021/12/17-10:42:29.851812 7ff4c1fd2700      Options.level0_file_num_compaction_trigger: 4
2021/12/17-10:42:29.851812 7ff4c1fd2700          Options.level0_slowdown_writes_trigger: 20
2021/12/17-10:42:29.851813 7ff4c1fd2700              Options.level0_stop_writes_trigger: 36
2021/12/17-10:42:29.851814 7ff4c1fd2700                   Options.target_file_size_base: 67108864
2021/12/17-10:42:29.851815 7ff4c1fd2700             Options.target_file_size_multiplier: 1
2021/12/17-10:42:29.851816 7ff4c1fd2700                Options.max_bytes_for_level_base: 268435456
2021/12/17-10:42:29.851817 7ff4c1fd2700 Options.level_compaction_dynamic_level_bytes: 0
2021/12/17-10:42:29.851833 7ff4c1fd2700          Options.max_bytes_for_level_multiplier: 10.000000
2021/12/17-10:42:29.851838 7ff4c1fd2700 Options.max_bytes_for_level_multiplier_addtl[0]: 1
2021/12/17-10:42:29.851842 7ff4c1fd2700 Options.max_bytes_for_level_multiplier_addtl[1]: 1
2021/12/17-10:42:29.851846 7ff4c1fd2700 Options.max_bytes_for_level_multiplier_addtl[2]: 1
2021/12/17-10:42:29.851848 7ff4c1fd2700 Options.max_bytes_for_level_multiplier_addtl[3]: 1
2021/12/17-10:42:29.851850 7ff4c1fd2700 Options.max_bytes_for_level_multiplier_addtl[4]: 1
2021/12/17-10:42:29.851851 7ff4c1fd2700 Options.max_bytes_for_level_multiplier_addtl[5]: 1
2021/12/17-10:42:29.851852 7ff4c1fd2700 Options.max_bytes_for_level_multiplier_addtl[6]: 1
2021/12/17-10:42:29.851852 7ff4c1fd2700       Options.max_sequential_skip_in_iterations: 8
2021/12/17-10:42:29.851853 7ff4c1fd2700                    Options.max_compaction_bytes: 1677721600
2021/12/17-10:42:29.851854 7ff4c1fd2700                        Options.arena_block_size: 503808
2021/12/17-10:42:29.851855 7ff4c1fd2700   Options.soft_pending_compaction_bytes_limit: 68719476736
2021/12/17-10:42:29.853240 7ff4c1fd2700   Options.hard_pending_compaction_bytes_limit: 274877906944
2021/12/17-10:42:29.853245 7ff4c1fd2700       Options.rate_limit_delay_max_milliseconds: 100
2021/12/17-10:42:29.853246 7ff4c1fd2700                Options.disable_auto_compactions: 0
2021/12/17-10:42:29.853248 7ff4c1fd2700                        Options.compaction_style: kCompactionStyleLevel
2021/12/17-10:42:29.853249 7ff4c1fd2700                          Options.compaction_pri: kMinOverlappingRatio
2021/12/17-10:42:29.853250 7ff4c1fd2700 Options.compaction_options_universal.size_ratio: 1
2021/12/17-10:42:29.853250 7ff4c1fd2700 Options.compaction_options_universal.min_merge_width: 2
2021/12/17-10:42:29.853251 7ff4c1fd2700 Options.compaction_options_universal.max_merge_width: 4294967295
2021/12/17-10:42:29.853253 7ff4c1fd2700 Options.compaction_options_universal.max_size_amplification_percent: 200
2021/12/17-10:42:29.853254 7ff4c1fd2700 Options.compaction_options_universal.compression_size_percent: -1
2021/12/17-10:42:29.853255 7ff4c1fd2700 Options.compaction_options_universal.stop_style: kCompactionStopStyleTotalSize
2021/12/17-10:42:29.853268 7ff4c1fd2700 Options.compaction_options_fifo.max_table_files_size: 1073741824
2021/12/17-10:42:29.853269 7ff4c1fd2700 Options.compaction_options_fifo.allow_compaction: 0
2021/12/17-10:42:29.853273 7ff4c1fd2700                   Options.table_properties_collectors: 
2021/12/17-10:42:29.853278 7ff4c1fd2700                   Options.inplace_update_support: 0
2021/12/17-10:42:29.853279 7ff4c1fd2700                 Options.inplace_update_num_locks: 10000
2021/12/17-10:42:29.853280 7ff4c1fd2700               Options.memtable_prefix_bloom_size_ratio: 0.000000
2021/12/17-10:42:29.853281 7ff4c1fd2700               Options.memtable_whole_key_filtering: 0
2021/12/17-10:42:29.853282 7ff4c1fd2700   Options.memtable_huge_page_size: 0
2021/12/17-10:42:29.853283 7ff4c1fd2700                           Options.bloom_locality: 0
2021/12/17-10:42:29.853284 7ff4c1fd2700                    Options.max_successive_merges: 0
2021/12/17-10:42:29.853284 7ff4c1fd2700                Options.optimize_filters_for_hits: 0
2021/12/17-10:42:29.853285 7ff4c1fd2700                Options.paranoid_file_checks: 0
2021/12/17-10:42:29.853286 7ff4c1fd2700                Options.force_consistency_checks: 1
2021/12/17-10:42:29.853287 7ff4c1fd2700                Options.report_bg_io_stats: 0
2021/12/17-10:42:29.853288 7ff4c1fd2700                               Options.ttl: 2592000
2021/12/17-10:42:29.853288 7ff4c1fd2700          Options.periodic_compaction_seconds: 0
2021/12/17-10:42:29.853289 7ff4c1fd2700                    Options.enable_blob_files: false
2021/12/17-10:42:29.853290 7ff4c1fd2700                        Options.min_blob_size: 0
2021/12/17-10:42:29.853291 7ff4c1fd2700                       Options.blob_file_size: 268435456
2021/12/17-10:42:29.853292 7ff4c1fd2700                Options.blob_compression_type: NoCompression
2021/12/17-10:42:29.853293 7ff4c1fd2700       Options.enable_blob_garbage_collection: false
2021/12/17-10:42:29.853294 7ff4c1fd2700   Options.blob_garbage_collection_age_cutoff: 0.250000
2021/12/17-10:42:29.899581 7ff4c1fd2700 [/version_set.cc:4675] Recovered from manifest file:/home/ubuntu/Documents/hivemq-ce-2021.3/data/persistence/retained_messages/040500_R/retained_messages_7/MANIFEST-000001 succeeded,manifest_file_number is 1, next_file_number is 3, last_sequence is 0, log_number is 0,prev_log_number is 0,max_column_family is 0,min_log_number_to_keep is 0
2021/12/17-10:42:29.899586 7ff4c1fd2700 [/version_set.cc:4684] Column family [default] (ID 0), log number is 0
2021/12/17-10:42:29.899655 7ff4c1fd2700 [/version_set.cc:4119] Creating manifest 4
2021/12/17-10:42:30.047968 7ff4c1fd2700 [/db_impl/db_impl_open.cc:1757] SstFileManager instance 0x7ff4a81edce0
2021/12/17-10:42:30.047985 7ff4c1fd2700 DB pointer 0x7ff4a81cfb00
2021/12/17-10:50:52.366974 7ff4c1bce700 [/db_impl/db_impl.cc:463] Shutdown: canceling all background work
2021/12/17-10:50:52.368012 7ff4c1bce700 [/db_impl/db_impl.cc:642] Shutdown complete
