2021/12/17-10:42:29.584464 7ff4c28db700 RocksDB version: 6.20.3
2021/12/17-10:42:29.584586 7ff4c28db700 Compile date 2021-05-07 11:24:03
2021/12/17-10:42:29.584626 7ff4c28db700 DB SUMMARY
2021/12/17-10:42:29.584627 7ff4c28db700 DB Session ID:  15TC1UH8OEP8YRH1S0HG
2021/12/17-10:42:29.584640 7ff4c28db700 SST files in /home/ubuntu/Documents/hivemq-ce-2021.3/data/persistence/publish_payload_store/040500_R/publish_payload_store_59 dir, Total Num: 0, files: 
2021/12/17-10:42:29.584641 7ff4c28db700 Write Ahead Log file in /home/ubuntu/Documents/hivemq-ce-2021.3/data/persistence/publish_payload_store/040500_R/publish_payload_store_59: 
2021/12/17-10:42:29.584643 7ff4c28db700                         Options.error_if_exists: 0
2021/12/17-10:42:29.584644 7ff4c28db700                       Options.create_if_missing: 1
2021/12/17-10:42:29.584645 7ff4c28db700                         Options.paranoid_checks: 1
2021/12/17-10:42:29.584646 7ff4c28db700                               Options.track_and_verify_wals_in_manifest: 0
2021/12/17-10:42:29.584646 7ff4c28db700                                     Options.env: 0x7ff4c35b80a0
2021/12/17-10:42:29.584648 7ff4c28db700                                      Options.fs: Posix File System
2021/12/17-10:42:29.584648 7ff4c28db700                                Options.info_log: 0x7ff4a40c7870
2021/12/17-10:42:29.584649 7ff4c28db700                Options.max_file_opening_threads: 16
2021/12/17-10:42:29.584650 7ff4c28db700                              Options.statistics: 0x7ff4ac004d30
2021/12/17-10:42:29.584651 7ff4c28db700                               Options.use_fsync: 0
2021/12/17-10:42:29.584652 7ff4c28db700                       Options.max_log_file_size: 512000
2021/12/17-10:42:29.584653 7ff4c28db700                  Options.max_manifest_file_size: 1073741824
2021/12/17-10:42:29.584654 7ff4c28db700                   Options.log_file_time_to_roll: 0
2021/12/17-10:42:29.584655 7ff4c28db700                       Options.keep_log_file_num: 2
2021/12/17-10:42:29.584656 7ff4c28db700                    Options.recycle_log_file_num: 0
2021/12/17-10:42:29.584657 7ff4c28db700                         Options.allow_fallocate: 1
2021/12/17-10:42:29.584657 7ff4c28db700                        Options.allow_mmap_reads: 0
2021/12/17-10:42:29.584658 7ff4c28db700                       Options.allow_mmap_writes: 0
2021/12/17-10:42:29.584659 7ff4c28db700                        Options.use_direct_reads: 0
2021/12/17-10:42:29.584660 7ff4c28db700                        Options.use_direct_io_for_flush_and_compaction: 0
2021/12/17-10:42:29.584661 7ff4c28db700          Options.create_missing_column_families: 0
2021/12/17-10:42:29.584661 7ff4c28db700                              Options.db_log_dir: 
2021/12/17-10:42:29.584662 7ff4c28db700                                 Options.wal_dir: /home/ubuntu/Documents/hivemq-ce-2021.3/data/persistence/publish_payload_store/040500_R/publish_payload_store_59
2021/12/17-10:42:29.584663 7ff4c28db700                Options.table_cache_numshardbits: 6
2021/12/17-10:42:29.584664 7ff4c28db700                         Options.WAL_ttl_seconds: 0
2021/12/17-10:42:29.584665 7ff4c28db700                       Options.WAL_size_limit_MB: 0
2021/12/17-10:42:29.584666 7ff4c28db700                        Options.max_write_batch_group_size_bytes: 1048576
2021/12/17-10:42:29.584667 7ff4c28db700             Options.manifest_preallocation_size: 4194304
2021/12/17-10:42:29.584667 7ff4c28db700                     Options.is_fd_close_on_exec: 1
2021/12/17-10:42:29.584668 7ff4c28db700                   Options.advise_random_on_open: 1
2021/12/17-10:42:29.584669 7ff4c28db700                    Options.db_write_buffer_size: 0
2021/12/17-10:42:29.584670 7ff4c28db700                    Options.write_buffer_manager: 0x7ff4a40d0cb0
2021/12/17-10:42:29.584671 7ff4c28db700         Options.access_hint_on_compaction_start: 1
2021/12/17-10:42:29.584671 7ff4c28db700  Options.new_table_reader_for_compaction_inputs: 0
2021/12/17-10:42:29.584672 7ff4c28db700           Options.random_access_max_buffer_size: 1048576
2021/12/17-10:42:29.584673 7ff4c28db700                      Options.use_adaptive_mutex: 0
2021/12/17-10:42:29.584682 7ff4c28db700                            Options.rate_limiter: (nil)
2021/12/17-10:42:29.584683 7ff4c28db700     Options.sst_file_manager.rate_bytes_per_sec: 0
2021/12/17-10:42:29.584684 7ff4c28db700                       Options.wal_recovery_mode: 2
2021/12/17-10:42:29.584685 7ff4c28db700                  Options.enable_thread_tracking: 0
2021/12/17-10:42:29.584686 7ff4c28db700                  Options.enable_pipelined_write: 0
2021/12/17-10:42:29.584686 7ff4c28db700                  Options.unordered_write: 0
2021/12/17-10:42:29.584687 7ff4c28db700         Options.allow_concurrent_memtable_write: 1
2021/12/17-10:42:29.584688 7ff4c28db700      Options.enable_write_thread_adaptive_yield: 1
2021/12/17-10:42:29.584689 7ff4c28db700             Options.write_thread_max_yield_usec: 100
2021/12/17-10:42:29.584689 7ff4c28db700            Options.write_thread_slow_yield_usec: 3
2021/12/17-10:42:29.584690 7ff4c28db700                               Options.row_cache: None
2021/12/17-10:42:29.584691 7ff4c28db700                              Options.wal_filter: None
2021/12/17-10:42:29.584692 7ff4c28db700             Options.avoid_flush_during_recovery: 0
2021/12/17-10:42:29.584693 7ff4c28db700             Options.allow_ingest_behind: 0
2021/12/17-10:42:29.584693 7ff4c28db700             Options.preserve_deletes: 0
2021/12/17-10:42:29.584694 7ff4c28db700             Options.two_write_queues: 0
2021/12/17-10:42:29.584695 7ff4c28db700             Options.manual_wal_flush: 0
2021/12/17-10:42:29.584696 7ff4c28db700             Options.atomic_flush: 0
2021/12/17-10:42:29.584696 7ff4c28db700             Options.avoid_unnecessary_blocking_io: 0
2021/12/17-10:42:29.584697 7ff4c28db700                 Options.persist_stats_to_disk: 0
2021/12/17-10:42:29.584698 7ff4c28db700                 Options.write_dbid_to_manifest: 0
2021/12/17-10:42:29.584699 7ff4c28db700                 Options.log_readahead_size: 0
2021/12/17-10:42:29.584700 7ff4c28db700                 Options.file_checksum_gen_factory: Unknown
2021/12/17-10:42:29.584701 7ff4c28db700                 Options.best_efforts_recovery: 0
2021/12/17-10:42:29.584701 7ff4c28db700                Options.max_bgerror_resume_count: 2147483647
2021/12/17-10:42:29.584702 7ff4c28db700            Options.bgerror_resume_retry_interval: 1000000
2021/12/17-10:42:29.584703 7ff4c28db700             Options.allow_data_in_errors: 0
2021/12/17-10:42:29.584704 7ff4c28db700             Options.db_host_id: __hostname__
2021/12/17-10:42:29.584705 7ff4c28db700             Options.max_background_jobs: 2
2021/12/17-10:42:29.584706 7ff4c28db700             Options.max_background_compactions: -1
2021/12/17-10:42:29.584707 7ff4c28db700             Options.max_subcompactions: 1
2021/12/17-10:42:29.584707 7ff4c28db700             Options.avoid_flush_during_shutdown: 0
2021/12/17-10:42:29.584708 7ff4c28db700           Options.writable_file_max_buffer_size: 1048576
2021/12/17-10:42:29.584709 7ff4c28db700             Options.delayed_write_rate : 16777216
2021/12/17-10:42:29.584710 7ff4c28db700             Options.max_total_wal_size: 0
2021/12/17-10:42:29.584711 7ff4c28db700             Options.delete_obsolete_files_period_micros: 21600000000
2021/12/17-10:42:29.584712 7ff4c28db700                   Options.stats_dump_period_sec: 0
2021/12/17-10:42:29.584713 7ff4c28db700                 Options.stats_persist_period_sec: 0
2021/12/17-10:42:29.584713 7ff4c28db700                 Options.stats_history_buffer_size: 65536
2021/12/17-10:42:29.584714 7ff4c28db700                          Options.max_open_files: -1
2021/12/17-10:42:29.584715 7ff4c28db700                          Options.bytes_per_sync: 0
2021/12/17-10:42:29.584716 7ff4c28db700                      Options.wal_bytes_per_sync: 0
2021/12/17-10:42:29.584716 7ff4c28db700                   Options.strict_bytes_per_sync: 0
2021/12/17-10:42:29.584717 7ff4c28db700       Options.compaction_readahead_size: 0
2021/12/17-10:42:29.584718 7ff4c28db700                  Options.max_background_flushes: -1
2021/12/17-10:42:29.584719 7ff4c28db700 Compression algorithms supported:
2021/12/17-10:42:29.584817 7ff4c28db700 	kZSTDNotFinalCompression supported: 1
2021/12/17-10:42:29.584820 7ff4c28db700 	kZSTD supported: 1
2021/12/17-10:42:29.586667 7ff4c28db700 	kXpressCompression supported: 0
2021/12/17-10:42:29.586669 7ff4c28db700 	kLZ4HCCompression supported: 1
2021/12/17-10:42:29.586670 7ff4c28db700 	kLZ4Compression supported: 1
2021/12/17-10:42:29.586671 7ff4c28db700 	kBZip2Compression supported: 1
2021/12/17-10:42:29.586672 7ff4c28db700 	kZlibCompression supported: 1
2021/12/17-10:42:29.586673 7ff4c28db700 	kSnappyCompression supported: 1
2021/12/17-10:42:29.586675 7ff4c28db700 Fast CRC32 supported: Not supported on x86
2021/12/17-10:42:29.594074 7ff4c28db700 [/db_impl/db_impl_open.cc:285] Creating manifest 1 
2021/12/17-10:42:29.678285 7ff4c28db700 [/version_set.cc:4627] Recovering from manifest file: /home/ubuntu/Documents/hivemq-ce-2021.3/data/persistence/publish_payload_store/040500_R/publish_payload_store_59/MANIFEST-000001
2021/12/17-10:42:29.678392 7ff4c28db700 [/column_family.cc:598] --------------- Options for column family [default]:
2021/12/17-10:42:29.678396 7ff4c28db700               Options.comparator: leveldb.BytewiseComparator
2021/12/17-10:42:29.678397 7ff4c28db700           Options.merge_operator: None
2021/12/17-10:42:29.678398 7ff4c28db700        Options.compaction_filter: None
2021/12/17-10:42:29.678399 7ff4c28db700        Options.compaction_filter_factory: None
2021/12/17-10:42:29.678399 7ff4c28db700  Options.sst_partitioner_factory: None
2021/12/17-10:42:29.678400 7ff4c28db700         Options.memtable_factory: SkipListFactory
2021/12/17-10:42:29.678401 7ff4c28db700            Options.table_factory: BlockBasedTable
2021/12/17-10:42:29.678421 7ff4c28db700            table_factory options:   flush_block_policy_factory: FlushBlockBySizePolicyFactory (0x7ff4ac079670)
  cache_index_and_filter_blocks: 0
  cache_index_and_filter_blocks_with_high_priority: 1
  pin_l0_filter_and_index_blocks_in_cache: 0
  pin_top_level_index_and_filter: 1
  index_type: 0
  data_block_index_type: 0
  index_shortening: 1
  data_block_hash_table_util_ratio: 0.750000
  hash_index_allow_collision: 1
  checksum: 1
  no_block_cache: 0
  block_cache: 0x7ff4ac005750
  block_cache_name: LRUCache
  block_cache_options:
    capacity : 128753152
    num_shard_bits : 6
    strict_capacity_limit : 0
    memory_allocator : None
    high_pri_pool_ratio: 0.000
  block_cache_compressed: (nil)
  persistent_cache: (nil)
  block_size: 32768
  block_size_deviation: 10
  block_restart_interval: 16
  index_block_restart_interval: 1
  metadata_block_size: 4096
  partition_filters: 0
  use_delta_encoding: 1
  filter_policy: nullptr
  whole_key_filtering: 1
  verify_compression: 0
  read_amp_bytes_per_bit: 0
  format_version: 5
  enable_index_compression: 1
  block_align: 0
2021/12/17-10:42:29.678425 7ff4c28db700        Options.write_buffer_size: 4023536
2021/12/17-10:42:29.678425 7ff4c28db700  Options.max_write_buffer_number: 2
2021/12/17-10:42:29.678427 7ff4c28db700          Options.compression: Snappy
2021/12/17-10:42:29.678428 7ff4c28db700                  Options.bottommost_compression: Disabled
2021/12/17-10:42:29.678428 7ff4c28db700       Options.prefix_extractor: nullptr
2021/12/17-10:42:29.678429 7ff4c28db700   Options.memtable_insert_with_hint_prefix_extractor: nullptr
2021/12/17-10:42:29.678430 7ff4c28db700             Options.num_levels: 7
2021/12/17-10:42:29.678431 7ff4c28db700        Options.min_write_buffer_number_to_merge: 1
2021/12/17-10:42:29.678432 7ff4c28db700     Options.max_write_buffer_number_to_maintain: 0
2021/12/17-10:42:29.678448 7ff4c28db700     Options.max_write_buffer_size_to_maintain: 0
2021/12/17-10:42:29.678449 7ff4c28db700            Options.bottommost_compression_opts.window_bits: -14
2021/12/17-10:42:29.678450 7ff4c28db700                  Options.bottommost_compression_opts.level: 32767
2021/12/17-10:42:29.678451 7ff4c28db700               Options.bottommost_compression_opts.strategy: 0
2021/12/17-10:42:29.678452 7ff4c28db700         Options.bottommost_compression_opts.max_dict_bytes: 0
2021/12/17-10:42:29.678466 7ff4c28db700         Options.bottommost_compression_opts.zstd_max_train_bytes: 0
2021/12/17-10:42:29.678467 7ff4c28db700         Options.bottommost_compression_opts.parallel_threads: 1
2021/12/17-10:42:29.678469 7ff4c28db700                  Options.bottommost_compression_opts.enabled: false
2021/12/17-10:42:29.678470 7ff4c28db700         Options.bottommost_compression_opts.max_dict_buffer_bytes: 0
2021/12/17-10:42:29.678471 7ff4c28db700            Options.compression_opts.window_bits: -14
2021/12/17-10:42:29.678472 7ff4c28db700                  Options.compression_opts.level: 32767
2021/12/17-10:42:29.678473 7ff4c28db700               Options.compression_opts.strategy: 0
2021/12/17-10:42:29.678474 7ff4c28db700         Options.compression_opts.max_dict_bytes: 0
2021/12/17-10:42:29.678475 7ff4c28db700         Options.compression_opts.zstd_max_train_bytes: 0
2021/12/17-10:42:29.678477 7ff4c28db700         Options.compression_opts.parallel_threads: 1
2021/12/17-10:42:29.678478 7ff4c28db700                  Options.compression_opts.enabled: false
2021/12/17-10:42:29.678479 7ff4c28db700         Options.compression_opts.max_dict_buffer_bytes: 0
2021/12/17-10:42:29.678479 7ff4c28db700      Options.level0_file_num_compaction_trigger: 4
2021/12/17-10:42:29.678480 7ff4c28db700          Options.level0_slowdown_writes_trigger: 20
2021/12/17-10:42:29.678482 7ff4c28db700              Options.level0_stop_writes_trigger: 36
2021/12/17-10:42:29.678483 7ff4c28db700                   Options.target_file_size_base: 67108864
2021/12/17-10:42:29.678484 7ff4c28db700             Options.target_file_size_multiplier: 1
2021/12/17-10:42:29.678485 7ff4c28db700                Options.max_bytes_for_level_base: 268435456
2021/12/17-10:42:29.678486 7ff4c28db700 Options.level_compaction_dynamic_level_bytes: 0
2021/12/17-10:42:29.678488 7ff4c28db700          Options.max_bytes_for_level_multiplier: 10.000000
2021/12/17-10:42:29.678490 7ff4c28db700 Options.max_bytes_for_level_multiplier_addtl[0]: 1
2021/12/17-10:42:29.678491 7ff4c28db700 Options.max_bytes_for_level_multiplier_addtl[1]: 1
2021/12/17-10:42:29.678492 7ff4c28db700 Options.max_bytes_for_level_multiplier_addtl[2]: 1
2021/12/17-10:42:29.678493 7ff4c28db700 Options.max_bytes_for_level_multiplier_addtl[3]: 1
2021/12/17-10:42:29.678494 7ff4c28db700 Options.max_bytes_for_level_multiplier_addtl[4]: 1
2021/12/17-10:42:29.678495 7ff4c28db700 Options.max_bytes_for_level_multiplier_addtl[5]: 1
2021/12/17-10:42:29.678496 7ff4c28db700 Options.max_bytes_for_level_multiplier_addtl[6]: 1
2021/12/17-10:42:29.678498 7ff4c28db700       Options.max_sequential_skip_in_iterations: 8
2021/12/17-10:42:29.678499 7ff4c28db700                    Options.max_compaction_bytes: 1677721600
2021/12/17-10:42:29.678500 7ff4c28db700                        Options.arena_block_size: 503808
2021/12/17-10:42:29.678501 7ff4c28db700   Options.soft_pending_compaction_bytes_limit: 68719476736
2021/12/17-10:42:29.678502 7ff4c28db700   Options.hard_pending_compaction_bytes_limit: 274877906944
2021/12/17-10:42:29.678503 7ff4c28db700       Options.rate_limit_delay_max_milliseconds: 100
2021/12/17-10:42:29.678504 7ff4c28db700                Options.disable_auto_compactions: 0
2021/12/17-10:42:29.678506 7ff4c28db700                        Options.compaction_style: kCompactionStyleLevel
2021/12/17-10:42:29.678507 7ff4c28db700                          Options.compaction_pri: kMinOverlappingRatio
2021/12/17-10:42:29.678508 7ff4c28db700 Options.compaction_options_universal.size_ratio: 1
2021/12/17-10:42:29.678509 7ff4c28db700 Options.compaction_options_universal.min_merge_width: 2
2021/12/17-10:42:29.678510 7ff4c28db700 Options.compaction_options_universal.max_merge_width: 4294967295
2021/12/17-10:42:29.678511 7ff4c28db700 Options.compaction_options_universal.max_size_amplification_percent: 200
2021/12/17-10:42:29.678512 7ff4c28db700 Options.compaction_options_universal.compression_size_percent: -1
2021/12/17-10:42:29.678513 7ff4c28db700 Options.compaction_options_universal.stop_style: kCompactionStopStyleTotalSize
2021/12/17-10:42:29.678519 7ff4c28db700 Options.compaction_options_fifo.max_table_files_size: 1073741824
2021/12/17-10:42:29.678520 7ff4c28db700 Options.compaction_options_fifo.allow_compaction: 0
2021/12/17-10:42:29.678526 7ff4c28db700                   Options.table_properties_collectors: 
2021/12/17-10:42:29.678527 7ff4c28db700                   Options.inplace_update_support: 0
2021/12/17-10:42:29.678528 7ff4c28db700                 Options.inplace_update_num_locks: 10000
2021/12/17-10:42:29.678529 7ff4c28db700               Options.memtable_prefix_bloom_size_ratio: 0.000000
2021/12/17-10:42:29.678531 7ff4c28db700               Options.memtable_whole_key_filtering: 0
2021/12/17-10:42:29.678532 7ff4c28db700   Options.memtable_huge_page_size: 0
2021/12/17-10:42:29.678533 7ff4c28db700                           Options.bloom_locality: 0
2021/12/17-10:42:29.678534 7ff4c28db700                    Options.max_successive_merges: 0
2021/12/17-10:42:29.678534 7ff4c28db700                Options.optimize_filters_for_hits: 0
2021/12/17-10:42:29.678535 7ff4c28db700                Options.paranoid_file_checks: 0
2021/12/17-10:42:29.678536 7ff4c28db700                Options.force_consistency_checks: 1
2021/12/17-10:42:29.678537 7ff4c28db700                Options.report_bg_io_stats: 0
2021/12/17-10:42:29.678538 7ff4c28db700                               Options.ttl: 2592000
2021/12/17-10:42:29.678539 7ff4c28db700          Options.periodic_compaction_seconds: 0
2021/12/17-10:42:29.678540 7ff4c28db700                    Options.enable_blob_files: false
2021/12/17-10:42:29.678541 7ff4c28db700                        Options.min_blob_size: 0
2021/12/17-10:42:29.678542 7ff4c28db700                       Options.blob_file_size: 268435456
2021/12/17-10:42:29.678543 7ff4c28db700                Options.blob_compression_type: NoCompression
2021/12/17-10:42:29.678544 7ff4c28db700       Options.enable_blob_garbage_collection: false
2021/12/17-10:42:29.678546 7ff4c28db700   Options.blob_garbage_collection_age_cutoff: 0.250000
2021/12/17-10:42:29.680238 7ff4c28db700 [/version_set.cc:4675] Recovered from manifest file:/home/ubuntu/Documents/hivemq-ce-2021.3/data/persistence/publish_payload_store/040500_R/publish_payload_store_59/MANIFEST-000001 succeeded,manifest_file_number is 1, next_file_number is 3, last_sequence is 0, log_number is 0,prev_log_number is 0,max_column_family is 0,min_log_number_to_keep is 0
2021/12/17-10:42:29.680242 7ff4c28db700 [/version_set.cc:4684] Column family [default] (ID 0), log number is 0
2021/12/17-10:42:29.680306 7ff4c28db700 [/version_set.cc:4119] Creating manifest 4
2021/12/17-10:42:29.776510 7ff4c28db700 [/db_impl/db_impl_open.cc:1757] SstFileManager instance 0x7ff4a41b0060
2021/12/17-10:42:29.776527 7ff4c28db700 DB pointer 0x7ff4a40cb560
2021/12/17-10:50:52.603338 7ff48aff0700 [/db_impl/db_impl.cc:463] Shutdown: canceling all background work
2021/12/17-10:50:52.604547 7ff48aff0700 [/db_impl/db_impl.cc:642] Shutdown complete
