2021/12/17-10:42:29.722435 7ff4c1acd700 RocksDB version: 6.20.3
2021/12/17-10:42:29.722462 7ff4c1acd700 Compile date 2021-05-07 11:24:03
2021/12/17-10:42:29.722496 7ff4c1acd700 DB SUMMARY
2021/12/17-10:42:29.722498 7ff4c1acd700 DB Session ID:  SBHCE0ILSF6R463HW76Z
2021/12/17-10:42:29.722511 7ff4c1acd700 SST files in /home/ubuntu/Documents/hivemq-ce-2021.3/data/persistence/retained_messages/040500_R/retained_messages_2 dir, Total Num: 0, files: 
2021/12/17-10:42:29.722512 7ff4c1acd700 Write Ahead Log file in /home/ubuntu/Documents/hivemq-ce-2021.3/data/persistence/retained_messages/040500_R/retained_messages_2: 
2021/12/17-10:42:29.722514 7ff4c1acd700                         Options.error_if_exists: 0
2021/12/17-10:42:29.722515 7ff4c1acd700                       Options.create_if_missing: 1
2021/12/17-10:42:29.722516 7ff4c1acd700                         Options.paranoid_checks: 1
2021/12/17-10:42:29.722516 7ff4c1acd700                               Options.track_and_verify_wals_in_manifest: 0
2021/12/17-10:42:29.722517 7ff4c1acd700                                     Options.env: 0x7ff4c35b80a0
2021/12/17-10:42:29.722519 7ff4c1acd700                                      Options.fs: Posix File System
2021/12/17-10:42:29.722519 7ff4c1acd700                                Options.info_log: 0x7ff4b40f3660
2021/12/17-10:42:29.722520 7ff4c1acd700                Options.max_file_opening_threads: 16
2021/12/17-10:42:29.722521 7ff4c1acd700                              Options.statistics: 0x7ff4a0003190
2021/12/17-10:42:29.722522 7ff4c1acd700                               Options.use_fsync: 0
2021/12/17-10:42:29.722523 7ff4c1acd700                       Options.max_log_file_size: 512000
2021/12/17-10:42:29.722524 7ff4c1acd700                  Options.max_manifest_file_size: 1073741824
2021/12/17-10:42:29.722525 7ff4c1acd700                   Options.log_file_time_to_roll: 0
2021/12/17-10:42:29.722525 7ff4c1acd700                       Options.keep_log_file_num: 2
2021/12/17-10:42:29.722526 7ff4c1acd700                    Options.recycle_log_file_num: 0
2021/12/17-10:42:29.722527 7ff4c1acd700                         Options.allow_fallocate: 1
2021/12/17-10:42:29.722528 7ff4c1acd700                        Options.allow_mmap_reads: 0
2021/12/17-10:42:29.722528 7ff4c1acd700                       Options.allow_mmap_writes: 0
2021/12/17-10:42:29.722529 7ff4c1acd700                        Options.use_direct_reads: 0
2021/12/17-10:42:29.722530 7ff4c1acd700                        Options.use_direct_io_for_flush_and_compaction: 0
2021/12/17-10:42:29.722531 7ff4c1acd700          Options.create_missing_column_families: 0
2021/12/17-10:42:29.722532 7ff4c1acd700                              Options.db_log_dir: 
2021/12/17-10:42:29.722533 7ff4c1acd700                                 Options.wal_dir: /home/ubuntu/Documents/hivemq-ce-2021.3/data/persistence/retained_messages/040500_R/retained_messages_2
2021/12/17-10:42:29.722534 7ff4c1acd700                Options.table_cache_numshardbits: 6
2021/12/17-10:42:29.722534 7ff4c1acd700                         Options.WAL_ttl_seconds: 0
2021/12/17-10:42:29.722535 7ff4c1acd700                       Options.WAL_size_limit_MB: 0
2021/12/17-10:42:29.722536 7ff4c1acd700                        Options.max_write_batch_group_size_bytes: 1048576
2021/12/17-10:42:29.722537 7ff4c1acd700             Options.manifest_preallocation_size: 4194304
2021/12/17-10:42:29.722538 7ff4c1acd700                     Options.is_fd_close_on_exec: 1
2021/12/17-10:42:29.722539 7ff4c1acd700                   Options.advise_random_on_open: 1
2021/12/17-10:42:29.722539 7ff4c1acd700                    Options.db_write_buffer_size: 0
2021/12/17-10:42:29.722540 7ff4c1acd700                    Options.write_buffer_manager: 0x7ff4b4129a80
2021/12/17-10:42:29.722541 7ff4c1acd700         Options.access_hint_on_compaction_start: 1
2021/12/17-10:42:29.722542 7ff4c1acd700  Options.new_table_reader_for_compaction_inputs: 0
2021/12/17-10:42:29.722542 7ff4c1acd700           Options.random_access_max_buffer_size: 1048576
2021/12/17-10:42:29.722543 7ff4c1acd700                      Options.use_adaptive_mutex: 0
2021/12/17-10:42:29.722544 7ff4c1acd700                            Options.rate_limiter: (nil)
2021/12/17-10:42:29.722553 7ff4c1acd700     Options.sst_file_manager.rate_bytes_per_sec: 0
2021/12/17-10:42:29.722554 7ff4c1acd700                       Options.wal_recovery_mode: 2
2021/12/17-10:42:29.722555 7ff4c1acd700                  Options.enable_thread_tracking: 0
2021/12/17-10:42:29.722555 7ff4c1acd700                  Options.enable_pipelined_write: 0
2021/12/17-10:42:29.722556 7ff4c1acd700                  Options.unordered_write: 0
2021/12/17-10:42:29.722557 7ff4c1acd700         Options.allow_concurrent_memtable_write: 1
2021/12/17-10:42:29.722558 7ff4c1acd700      Options.enable_write_thread_adaptive_yield: 1
2021/12/17-10:42:29.722559 7ff4c1acd700             Options.write_thread_max_yield_usec: 100
2021/12/17-10:42:29.722559 7ff4c1acd700            Options.write_thread_slow_yield_usec: 3
2021/12/17-10:42:29.722560 7ff4c1acd700                               Options.row_cache: None
2021/12/17-10:42:29.722561 7ff4c1acd700                              Options.wal_filter: None
2021/12/17-10:42:29.722562 7ff4c1acd700             Options.avoid_flush_during_recovery: 0
2021/12/17-10:42:29.722563 7ff4c1acd700             Options.allow_ingest_behind: 0
2021/12/17-10:42:29.722564 7ff4c1acd700             Options.preserve_deletes: 0
2021/12/17-10:42:29.722564 7ff4c1acd700             Options.two_write_queues: 0
2021/12/17-10:42:29.722565 7ff4c1acd700             Options.manual_wal_flush: 0
2021/12/17-10:42:29.722566 7ff4c1acd700             Options.atomic_flush: 0
2021/12/17-10:42:29.722567 7ff4c1acd700             Options.avoid_unnecessary_blocking_io: 0
2021/12/17-10:42:29.722568 7ff4c1acd700                 Options.persist_stats_to_disk: 0
2021/12/17-10:42:29.722568 7ff4c1acd700                 Options.write_dbid_to_manifest: 0
2021/12/17-10:42:29.722569 7ff4c1acd700                 Options.log_readahead_size: 0
2021/12/17-10:42:29.722570 7ff4c1acd700                 Options.file_checksum_gen_factory: Unknown
2021/12/17-10:42:29.722571 7ff4c1acd700                 Options.best_efforts_recovery: 0
2021/12/17-10:42:29.722572 7ff4c1acd700                Options.max_bgerror_resume_count: 2147483647
2021/12/17-10:42:29.722572 7ff4c1acd700            Options.bgerror_resume_retry_interval: 1000000
2021/12/17-10:42:29.722573 7ff4c1acd700             Options.allow_data_in_errors: 0
2021/12/17-10:42:29.722574 7ff4c1acd700             Options.db_host_id: __hostname__
2021/12/17-10:42:29.722575 7ff4c1acd700             Options.max_background_jobs: 2
2021/12/17-10:42:29.722576 7ff4c1acd700             Options.max_background_compactions: -1
2021/12/17-10:42:29.722577 7ff4c1acd700             Options.max_subcompactions: 1
2021/12/17-10:42:29.722578 7ff4c1acd700             Options.avoid_flush_during_shutdown: 0
2021/12/17-10:42:29.722578 7ff4c1acd700           Options.writable_file_max_buffer_size: 1048576
2021/12/17-10:42:29.722579 7ff4c1acd700             Options.delayed_write_rate : 16777216
2021/12/17-10:42:29.722580 7ff4c1acd700             Options.max_total_wal_size: 0
2021/12/17-10:42:29.722581 7ff4c1acd700             Options.delete_obsolete_files_period_micros: 21600000000
2021/12/17-10:42:29.722582 7ff4c1acd700                   Options.stats_dump_period_sec: 0
2021/12/17-10:42:29.722583 7ff4c1acd700                 Options.stats_persist_period_sec: 0
2021/12/17-10:42:29.722584 7ff4c1acd700                 Options.stats_history_buffer_size: 65536
2021/12/17-10:42:29.722585 7ff4c1acd700                          Options.max_open_files: -1
2021/12/17-10:42:29.722586 7ff4c1acd700                          Options.bytes_per_sync: 0
2021/12/17-10:42:29.722586 7ff4c1acd700                      Options.wal_bytes_per_sync: 0
2021/12/17-10:42:29.722587 7ff4c1acd700                   Options.strict_bytes_per_sync: 0
2021/12/17-10:42:29.722588 7ff4c1acd700       Options.compaction_readahead_size: 0
2021/12/17-10:42:29.722589 7ff4c1acd700                  Options.max_background_flushes: -1
2021/12/17-10:42:29.722590 7ff4c1acd700 Compression algorithms supported:
2021/12/17-10:42:29.722595 7ff4c1acd700 	kZSTDNotFinalCompression supported: 1
2021/12/17-10:42:29.722597 7ff4c1acd700 	kZSTD supported: 1
2021/12/17-10:42:29.722598 7ff4c1acd700 	kXpressCompression supported: 0
2021/12/17-10:42:29.722598 7ff4c1acd700 	kLZ4HCCompression supported: 1
2021/12/17-10:42:29.722599 7ff4c1acd700 	kLZ4Compression supported: 1
2021/12/17-10:42:29.722600 7ff4c1acd700 	kBZip2Compression supported: 1
2021/12/17-10:42:29.722601 7ff4c1acd700 	kZlibCompression supported: 1
2021/12/17-10:42:29.722602 7ff4c1acd700 	kSnappyCompression supported: 1
2021/12/17-10:42:29.722603 7ff4c1acd700 Fast CRC32 supported: Not supported on x86
2021/12/17-10:42:29.745103 7ff4c1acd700 [/db_impl/db_impl_open.cc:285] Creating manifest 1 
2021/12/17-10:42:29.838194 7ff4c1acd700 [/version_set.cc:4627] Recovering from manifest file: /home/ubuntu/Documents/hivemq-ce-2021.3/data/persistence/retained_messages/040500_R/retained_messages_2/MANIFEST-000001
2021/12/17-10:42:29.838288 7ff4c1acd700 [/column_family.cc:598] --------------- Options for column family [default]:
2021/12/17-10:42:29.838293 7ff4c1acd700               Options.comparator: leveldb.BytewiseComparator
2021/12/17-10:42:29.838294 7ff4c1acd700           Options.merge_operator: None
2021/12/17-10:42:29.838296 7ff4c1acd700        Options.compaction_filter: None
2021/12/17-10:42:29.838298 7ff4c1acd700        Options.compaction_filter_factory: None
2021/12/17-10:42:29.838299 7ff4c1acd700  Options.sst_partitioner_factory: None
2021/12/17-10:42:29.838300 7ff4c1acd700         Options.memtable_factory: SkipListFactory
2021/12/17-10:42:29.838302 7ff4c1acd700            Options.table_factory: BlockBasedTable
2021/12/17-10:42:29.838324 7ff4c1acd700            table_factory options:   flush_block_policy_factory: FlushBlockBySizePolicyFactory (0x7ff4a006ca20)
  cache_index_and_filter_blocks: 0
  cache_index_and_filter_blocks_with_high_priority: 1
  pin_l0_filter_and_index_blocks_in_cache: 0
  pin_top_level_index_and_filter: 1
  index_type: 0
  data_block_index_type: 0
  index_shortening: 1
  data_block_hash_table_util_ratio: 0.750000
  hash_index_allow_collision: 1
  checksum: 1
  no_block_cache: 0
  block_cache: 0x7ff4a006c9a0
  block_cache_name: LRUCache
  block_cache_options:
    capacity : 128753152
    num_shard_bits : 6
    strict_capacity_limit : 0
    memory_allocator : None
    high_pri_pool_ratio: 0.000
  block_cache_compressed: (nil)
  persistent_cache: (nil)
  block_size: 32768
  block_size_deviation: 10
  block_restart_interval: 16
  index_block_restart_interval: 1
  metadata_block_size: 4096
  partition_filters: 0
  use_delta_encoding: 1
  filter_policy: nullptr
  whole_key_filtering: 1
  verify_compression: 0
  read_amp_bytes_per_bit: 0
  format_version: 5
  enable_index_compression: 1
  block_align: 0
2021/12/17-10:42:29.838325 7ff4c1acd700        Options.write_buffer_size: 4023536
2021/12/17-10:42:29.838326 7ff4c1acd700  Options.max_write_buffer_number: 2
2021/12/17-10:42:29.838327 7ff4c1acd700          Options.compression: Snappy
2021/12/17-10:42:29.838328 7ff4c1acd700                  Options.bottommost_compression: Disabled
2021/12/17-10:42:29.838329 7ff4c1acd700       Options.prefix_extractor: nullptr
2021/12/17-10:42:29.838330 7ff4c1acd700   Options.memtable_insert_with_hint_prefix_extractor: nullptr
2021/12/17-10:42:29.838331 7ff4c1acd700             Options.num_levels: 7
2021/12/17-10:42:29.838332 7ff4c1acd700        Options.min_write_buffer_number_to_merge: 1
2021/12/17-10:42:29.838332 7ff4c1acd700     Options.max_write_buffer_number_to_maintain: 0
2021/12/17-10:42:29.838333 7ff4c1acd700     Options.max_write_buffer_size_to_maintain: 0
2021/12/17-10:42:29.838334 7ff4c1acd700            Options.bottommost_compression_opts.window_bits: -14
2021/12/17-10:42:29.838335 7ff4c1acd700                  Options.bottommost_compression_opts.level: 32767
2021/12/17-10:42:29.838336 7ff4c1acd700               Options.bottommost_compression_opts.strategy: 0
2021/12/17-10:42:29.838337 7ff4c1acd700         Options.bottommost_compression_opts.max_dict_bytes: 0
2021/12/17-10:42:29.838350 7ff4c1acd700         Options.bottommost_compression_opts.zstd_max_train_bytes: 0
2021/12/17-10:42:29.838351 7ff4c1acd700         Options.bottommost_compression_opts.parallel_threads: 1
2021/12/17-10:42:29.838352 7ff4c1acd700                  Options.bottommost_compression_opts.enabled: false
2021/12/17-10:42:29.838353 7ff4c1acd700         Options.bottommost_compression_opts.max_dict_buffer_bytes: 0
2021/12/17-10:42:29.838354 7ff4c1acd700            Options.compression_opts.window_bits: -14
2021/12/17-10:42:29.838355 7ff4c1acd700                  Options.compression_opts.level: 32767
2021/12/17-10:42:29.838356 7ff4c1acd700               Options.compression_opts.strategy: 0
2021/12/17-10:42:29.838356 7ff4c1acd700         Options.compression_opts.max_dict_bytes: 0
2021/12/17-10:42:29.838357 7ff4c1acd700         Options.compression_opts.zstd_max_train_bytes: 0
2021/12/17-10:42:29.838358 7ff4c1acd700         Options.compression_opts.parallel_threads: 1
2021/12/17-10:42:29.838359 7ff4c1acd700                  Options.compression_opts.enabled: false
2021/12/17-10:42:29.838360 7ff4c1acd700         Options.compression_opts.max_dict_buffer_bytes: 0
2021/12/17-10:42:29.838361 7ff4c1acd700      Options.level0_file_num_compaction_trigger: 4
2021/12/17-10:42:29.838362 7ff4c1acd700          Options.level0_slowdown_writes_trigger: 20
2021/12/17-10:42:29.838363 7ff4c1acd700              Options.level0_stop_writes_trigger: 36
2021/12/17-10:42:29.838364 7ff4c1acd700                   Options.target_file_size_base: 67108864
2021/12/17-10:42:29.838364 7ff4c1acd700             Options.target_file_size_multiplier: 1
2021/12/17-10:42:29.838365 7ff4c1acd700                Options.max_bytes_for_level_base: 268435456
2021/12/17-10:42:29.838366 7ff4c1acd700 Options.level_compaction_dynamic_level_bytes: 0
2021/12/17-10:42:29.838368 7ff4c1acd700          Options.max_bytes_for_level_multiplier: 10.000000
2021/12/17-10:42:29.838369 7ff4c1acd700 Options.max_bytes_for_level_multiplier_addtl[0]: 1
2021/12/17-10:42:29.838370 7ff4c1acd700 Options.max_bytes_for_level_multiplier_addtl[1]: 1
2021/12/17-10:42:29.838371 7ff4c1acd700 Options.max_bytes_for_level_multiplier_addtl[2]: 1
2021/12/17-10:42:29.838371 7ff4c1acd700 Options.max_bytes_for_level_multiplier_addtl[3]: 1
2021/12/17-10:42:29.838372 7ff4c1acd700 Options.max_bytes_for_level_multiplier_addtl[4]: 1
2021/12/17-10:42:29.838373 7ff4c1acd700 Options.max_bytes_for_level_multiplier_addtl[5]: 1
2021/12/17-10:42:29.838374 7ff4c1acd700 Options.max_bytes_for_level_multiplier_addtl[6]: 1
2021/12/17-10:42:29.838375 7ff4c1acd700       Options.max_sequential_skip_in_iterations: 8
2021/12/17-10:42:29.838376 7ff4c1acd700                    Options.max_compaction_bytes: 1677721600
2021/12/17-10:42:29.838376 7ff4c1acd700                        Options.arena_block_size: 503808
2021/12/17-10:42:29.838378 7ff4c1acd700   Options.soft_pending_compaction_bytes_limit: 68719476736
2021/12/17-10:42:29.838379 7ff4c1acd700   Options.hard_pending_compaction_bytes_limit: 274877906944
2021/12/17-10:42:29.838380 7ff4c1acd700       Options.rate_limit_delay_max_milliseconds: 100
2021/12/17-10:42:29.838382 7ff4c1acd700                Options.disable_auto_compactions: 0
2021/12/17-10:42:29.838383 7ff4c1acd700                        Options.compaction_style: kCompactionStyleLevel
2021/12/17-10:42:29.838387 7ff4c1acd700                          Options.compaction_pri: kMinOverlappingRatio
2021/12/17-10:42:29.838389 7ff4c1acd700 Options.compaction_options_universal.size_ratio: 1
2021/12/17-10:42:29.838391 7ff4c1acd700 Options.compaction_options_universal.min_merge_width: 2
2021/12/17-10:42:29.838392 7ff4c1acd700 Options.compaction_options_universal.max_merge_width: 4294967295
2021/12/17-10:42:29.838394 7ff4c1acd700 Options.compaction_options_universal.max_size_amplification_percent: 200
2021/12/17-10:42:29.838395 7ff4c1acd700 Options.compaction_options_universal.compression_size_percent: -1
2021/12/17-10:42:29.838397 7ff4c1acd700 Options.compaction_options_universal.stop_style: kCompactionStopStyleTotalSize
2021/12/17-10:42:29.838412 7ff4c1acd700 Options.compaction_options_fifo.max_table_files_size: 1073741824
2021/12/17-10:42:29.838414 7ff4c1acd700 Options.compaction_options_fifo.allow_compaction: 0
2021/12/17-10:42:29.838419 7ff4c1acd700                   Options.table_properties_collectors: 
2021/12/17-10:42:29.838419 7ff4c1acd700                   Options.inplace_update_support: 0
2021/12/17-10:42:29.838420 7ff4c1acd700                 Options.inplace_update_num_locks: 10000
2021/12/17-10:42:29.838422 7ff4c1acd700               Options.memtable_prefix_bloom_size_ratio: 0.000000
2021/12/17-10:42:29.838423 7ff4c1acd700               Options.memtable_whole_key_filtering: 0
2021/12/17-10:42:29.838423 7ff4c1acd700   Options.memtable_huge_page_size: 0
2021/12/17-10:42:29.838424 7ff4c1acd700                           Options.bloom_locality: 0
2021/12/17-10:42:29.838425 7ff4c1acd700                    Options.max_successive_merges: 0
2021/12/17-10:42:29.838426 7ff4c1acd700                Options.optimize_filters_for_hits: 0
2021/12/17-10:42:29.838427 7ff4c1acd700                Options.paranoid_file_checks: 0
2021/12/17-10:42:29.838427 7ff4c1acd700                Options.force_consistency_checks: 1
2021/12/17-10:42:29.838428 7ff4c1acd700                Options.report_bg_io_stats: 0
2021/12/17-10:42:29.838429 7ff4c1acd700                               Options.ttl: 2592000
2021/12/17-10:42:29.838430 7ff4c1acd700          Options.periodic_compaction_seconds: 0
2021/12/17-10:42:29.838430 7ff4c1acd700                    Options.enable_blob_files: false
2021/12/17-10:42:29.838431 7ff4c1acd700                        Options.min_blob_size: 0
2021/12/17-10:42:29.838432 7ff4c1acd700                       Options.blob_file_size: 268435456
2021/12/17-10:42:29.838433 7ff4c1acd700                Options.blob_compression_type: NoCompression
2021/12/17-10:42:29.838434 7ff4c1acd700       Options.enable_blob_garbage_collection: false
2021/12/17-10:42:29.838435 7ff4c1acd700   Options.blob_garbage_collection_age_cutoff: 0.250000
2021/12/17-10:42:29.846394 7ff4c1acd700 [/version_set.cc:4675] Recovered from manifest file:/home/ubuntu/Documents/hivemq-ce-2021.3/data/persistence/retained_messages/040500_R/retained_messages_2/MANIFEST-000001 succeeded,manifest_file_number is 1, next_file_number is 3, last_sequence is 0, log_number is 0,prev_log_number is 0,max_column_family is 0,min_log_number_to_keep is 0
2021/12/17-10:42:29.846411 7ff4c1acd700 [/version_set.cc:4684] Column family [default] (ID 0), log number is 0
2021/12/17-10:42:29.846570 7ff4c1acd700 [/version_set.cc:4119] Creating manifest 4
2021/12/17-10:42:29.977093 7ff4c1acd700 [/db_impl/db_impl_open.cc:1757] SstFileManager instance 0x7ff4b412b2f0
2021/12/17-10:42:29.977113 7ff4c1acd700 DB pointer 0x7ff4b40d43e0
2021/12/17-10:50:52.363464 7ff4c1bce700 [/db_impl/db_impl.cc:463] Shutdown: canceling all background work
2021/12/17-10:50:52.363565 7ff4c1bce700 [/db_impl/db_impl.cc:642] Shutdown complete
