2021/12/17-10:42:30.273829 7ff4c22d5700 RocksDB version: 6.20.3
2021/12/17-10:42:30.273854 7ff4c22d5700 Compile date 2021-05-07 11:24:03
2021/12/17-10:42:30.273888 7ff4c22d5700 DB SUMMARY
2021/12/17-10:42:30.273890 7ff4c22d5700 DB Session ID:  05MR7J0DF5KNJ64CAH2O
2021/12/17-10:42:30.273902 7ff4c22d5700 SST files in /home/ubuntu/Documents/hivemq-ce-2021.3/data/persistence/retained_messages/040500_R/retained_messages_41 dir, Total Num: 0, files: 
2021/12/17-10:42:30.273904 7ff4c22d5700 Write Ahead Log file in /home/ubuntu/Documents/hivemq-ce-2021.3/data/persistence/retained_messages/040500_R/retained_messages_41: 
2021/12/17-10:42:30.273905 7ff4c22d5700                         Options.error_if_exists: 0
2021/12/17-10:42:30.273906 7ff4c22d5700                       Options.create_if_missing: 1
2021/12/17-10:42:30.273907 7ff4c22d5700                         Options.paranoid_checks: 1
2021/12/17-10:42:30.273908 7ff4c22d5700                               Options.track_and_verify_wals_in_manifest: 0
2021/12/17-10:42:30.273909 7ff4c22d5700                                     Options.env: 0x7ff4c35b80a0
2021/12/17-10:42:30.273910 7ff4c22d5700                                      Options.fs: Posix File System
2021/12/17-10:42:30.273911 7ff4c22d5700                                Options.info_log: 0x7ff4942b0220
2021/12/17-10:42:30.273912 7ff4c22d5700                Options.max_file_opening_threads: 16
2021/12/17-10:42:30.273913 7ff4c22d5700                              Options.statistics: 0x7ff4a0003190
2021/12/17-10:42:30.273913 7ff4c22d5700                               Options.use_fsync: 0
2021/12/17-10:42:30.273914 7ff4c22d5700                       Options.max_log_file_size: 512000
2021/12/17-10:42:30.273915 7ff4c22d5700                  Options.max_manifest_file_size: 1073741824
2021/12/17-10:42:30.273916 7ff4c22d5700                   Options.log_file_time_to_roll: 0
2021/12/17-10:42:30.273917 7ff4c22d5700                       Options.keep_log_file_num: 2
2021/12/17-10:42:30.273918 7ff4c22d5700                    Options.recycle_log_file_num: 0
2021/12/17-10:42:30.273918 7ff4c22d5700                         Options.allow_fallocate: 1
2021/12/17-10:42:30.273919 7ff4c22d5700                        Options.allow_mmap_reads: 0
2021/12/17-10:42:30.273920 7ff4c22d5700                       Options.allow_mmap_writes: 0
2021/12/17-10:42:30.273921 7ff4c22d5700                        Options.use_direct_reads: 0
2021/12/17-10:42:30.273922 7ff4c22d5700                        Options.use_direct_io_for_flush_and_compaction: 0
2021/12/17-10:42:30.273922 7ff4c22d5700          Options.create_missing_column_families: 0
2021/12/17-10:42:30.273923 7ff4c22d5700                              Options.db_log_dir: 
2021/12/17-10:42:30.273924 7ff4c22d5700                                 Options.wal_dir: /home/ubuntu/Documents/hivemq-ce-2021.3/data/persistence/retained_messages/040500_R/retained_messages_41
2021/12/17-10:42:30.273925 7ff4c22d5700                Options.table_cache_numshardbits: 6
2021/12/17-10:42:30.273926 7ff4c22d5700                         Options.WAL_ttl_seconds: 0
2021/12/17-10:42:30.273927 7ff4c22d5700                       Options.WAL_size_limit_MB: 0
2021/12/17-10:42:30.273928 7ff4c22d5700                        Options.max_write_batch_group_size_bytes: 1048576
2021/12/17-10:42:30.273928 7ff4c22d5700             Options.manifest_preallocation_size: 4194304
2021/12/17-10:42:30.273929 7ff4c22d5700                     Options.is_fd_close_on_exec: 1
2021/12/17-10:42:30.273930 7ff4c22d5700                   Options.advise_random_on_open: 1
2021/12/17-10:42:30.273931 7ff4c22d5700                    Options.db_write_buffer_size: 0
2021/12/17-10:42:30.273932 7ff4c22d5700                    Options.write_buffer_manager: 0x7ff49435e2d0
2021/12/17-10:42:30.273933 7ff4c22d5700         Options.access_hint_on_compaction_start: 1
2021/12/17-10:42:30.273933 7ff4c22d5700  Options.new_table_reader_for_compaction_inputs: 0
2021/12/17-10:42:30.273934 7ff4c22d5700           Options.random_access_max_buffer_size: 1048576
2021/12/17-10:42:30.273935 7ff4c22d5700                      Options.use_adaptive_mutex: 0
2021/12/17-10:42:30.273943 7ff4c22d5700                            Options.rate_limiter: (nil)
2021/12/17-10:42:30.273944 7ff4c22d5700     Options.sst_file_manager.rate_bytes_per_sec: 0
2021/12/17-10:42:30.273945 7ff4c22d5700                       Options.wal_recovery_mode: 2
2021/12/17-10:42:30.273946 7ff4c22d5700                  Options.enable_thread_tracking: 0
2021/12/17-10:42:30.273947 7ff4c22d5700                  Options.enable_pipelined_write: 0
2021/12/17-10:42:30.273947 7ff4c22d5700                  Options.unordered_write: 0
2021/12/17-10:42:30.273948 7ff4c22d5700         Options.allow_concurrent_memtable_write: 1
2021/12/17-10:42:30.273949 7ff4c22d5700      Options.enable_write_thread_adaptive_yield: 1
2021/12/17-10:42:30.273950 7ff4c22d5700             Options.write_thread_max_yield_usec: 100
2021/12/17-10:42:30.273951 7ff4c22d5700            Options.write_thread_slow_yield_usec: 3
2021/12/17-10:42:30.273951 7ff4c22d5700                               Options.row_cache: None
2021/12/17-10:42:30.273952 7ff4c22d5700                              Options.wal_filter: None
2021/12/17-10:42:30.273953 7ff4c22d5700             Options.avoid_flush_during_recovery: 0
2021/12/17-10:42:30.273954 7ff4c22d5700             Options.allow_ingest_behind: 0
2021/12/17-10:42:30.273955 7ff4c22d5700             Options.preserve_deletes: 0
2021/12/17-10:42:30.273955 7ff4c22d5700             Options.two_write_queues: 0
2021/12/17-10:42:30.273956 7ff4c22d5700             Options.manual_wal_flush: 0
2021/12/17-10:42:30.273957 7ff4c22d5700             Options.atomic_flush: 0
2021/12/17-10:42:30.273958 7ff4c22d5700             Options.avoid_unnecessary_blocking_io: 0
2021/12/17-10:42:30.273958 7ff4c22d5700                 Options.persist_stats_to_disk: 0
2021/12/17-10:42:30.273959 7ff4c22d5700                 Options.write_dbid_to_manifest: 0
2021/12/17-10:42:30.273960 7ff4c22d5700                 Options.log_readahead_size: 0
2021/12/17-10:42:30.273961 7ff4c22d5700                 Options.file_checksum_gen_factory: Unknown
2021/12/17-10:42:30.273962 7ff4c22d5700                 Options.best_efforts_recovery: 0
2021/12/17-10:42:30.273963 7ff4c22d5700                Options.max_bgerror_resume_count: 2147483647
2021/12/17-10:42:30.273964 7ff4c22d5700            Options.bgerror_resume_retry_interval: 1000000
2021/12/17-10:42:30.273964 7ff4c22d5700             Options.allow_data_in_errors: 0
2021/12/17-10:42:30.273965 7ff4c22d5700             Options.db_host_id: __hostname__
2021/12/17-10:42:30.273966 7ff4c22d5700             Options.max_background_jobs: 2
2021/12/17-10:42:30.273967 7ff4c22d5700             Options.max_background_compactions: -1
2021/12/17-10:42:30.273968 7ff4c22d5700             Options.max_subcompactions: 1
2021/12/17-10:42:30.273969 7ff4c22d5700             Options.avoid_flush_during_shutdown: 0
2021/12/17-10:42:30.273969 7ff4c22d5700           Options.writable_file_max_buffer_size: 1048576
2021/12/17-10:42:30.273970 7ff4c22d5700             Options.delayed_write_rate : 16777216
2021/12/17-10:42:30.273971 7ff4c22d5700             Options.max_total_wal_size: 0
2021/12/17-10:42:30.273972 7ff4c22d5700             Options.delete_obsolete_files_period_micros: 21600000000
2021/12/17-10:42:30.273973 7ff4c22d5700                   Options.stats_dump_period_sec: 0
2021/12/17-10:42:30.273974 7ff4c22d5700                 Options.stats_persist_period_sec: 0
2021/12/17-10:42:30.273975 7ff4c22d5700                 Options.stats_history_buffer_size: 65536
2021/12/17-10:42:30.273975 7ff4c22d5700                          Options.max_open_files: -1
2021/12/17-10:42:30.273976 7ff4c22d5700                          Options.bytes_per_sync: 0
2021/12/17-10:42:30.273977 7ff4c22d5700                      Options.wal_bytes_per_sync: 0
2021/12/17-10:42:30.273978 7ff4c22d5700                   Options.strict_bytes_per_sync: 0
2021/12/17-10:42:30.273979 7ff4c22d5700       Options.compaction_readahead_size: 0
2021/12/17-10:42:30.273979 7ff4c22d5700                  Options.max_background_flushes: -1
2021/12/17-10:42:30.273980 7ff4c22d5700 Compression algorithms supported:
2021/12/17-10:42:30.273987 7ff4c22d5700 	kZSTDNotFinalCompression supported: 1
2021/12/17-10:42:30.273989 7ff4c22d5700 	kZSTD supported: 1
2021/12/17-10:42:30.273990 7ff4c22d5700 	kXpressCompression supported: 0
2021/12/17-10:42:30.273991 7ff4c22d5700 	kLZ4HCCompression supported: 1
2021/12/17-10:42:30.273992 7ff4c22d5700 	kLZ4Compression supported: 1
2021/12/17-10:42:30.273993 7ff4c22d5700 	kBZip2Compression supported: 1
2021/12/17-10:42:30.273993 7ff4c22d5700 	kZlibCompression supported: 1
2021/12/17-10:42:30.273994 7ff4c22d5700 	kSnappyCompression supported: 1
2021/12/17-10:42:30.273996 7ff4c22d5700 Fast CRC32 supported: Not supported on x86
2021/12/17-10:42:30.310563 7ff4c22d5700 [/db_impl/db_impl_open.cc:285] Creating manifest 1 
2021/12/17-10:42:30.405803 7ff4c22d5700 [/version_set.cc:4627] Recovering from manifest file: /home/ubuntu/Documents/hivemq-ce-2021.3/data/persistence/retained_messages/040500_R/retained_messages_41/MANIFEST-000001
2021/12/17-10:42:30.407862 7ff4c22d5700 [/column_family.cc:598] --------------- Options for column family [default]:
2021/12/17-10:42:30.407867 7ff4c22d5700               Options.comparator: leveldb.BytewiseComparator
2021/12/17-10:42:30.407868 7ff4c22d5700           Options.merge_operator: None
2021/12/17-10:42:30.407869 7ff4c22d5700        Options.compaction_filter: None
2021/12/17-10:42:30.407870 7ff4c22d5700        Options.compaction_filter_factory: None
2021/12/17-10:42:30.407871 7ff4c22d5700  Options.sst_partitioner_factory: None
2021/12/17-10:42:30.407872 7ff4c22d5700         Options.memtable_factory: SkipListFactory
2021/12/17-10:42:30.407873 7ff4c22d5700            Options.table_factory: BlockBasedTable
2021/12/17-10:42:30.407894 7ff4c22d5700            table_factory options:   flush_block_policy_factory: FlushBlockBySizePolicyFactory (0x7ff4a006ca20)
  cache_index_and_filter_blocks: 0
  cache_index_and_filter_blocks_with_high_priority: 1
  pin_l0_filter_and_index_blocks_in_cache: 0
  pin_top_level_index_and_filter: 1
  index_type: 0
  data_block_index_type: 0
  index_shortening: 1
  data_block_hash_table_util_ratio: 0.750000
  hash_index_allow_collision: 1
  checksum: 1
  no_block_cache: 0
  block_cache: 0x7ff4a006c9a0
  block_cache_name: LRUCache
  block_cache_options:
    capacity : 128753152
    num_shard_bits : 6
    strict_capacity_limit : 0
    memory_allocator : None
    high_pri_pool_ratio: 0.000
  block_cache_compressed: (nil)
  persistent_cache: (nil)
  block_size: 32768
  block_size_deviation: 10
  block_restart_interval: 16
  index_block_restart_interval: 1
  metadata_block_size: 4096
  partition_filters: 0
  use_delta_encoding: 1
  filter_policy: nullptr
  whole_key_filtering: 1
  verify_compression: 0
  read_amp_bytes_per_bit: 0
  format_version: 5
  enable_index_compression: 1
  block_align: 0
2021/12/17-10:42:30.407897 7ff4c22d5700        Options.write_buffer_size: 4023536
2021/12/17-10:42:30.407898 7ff4c22d5700  Options.max_write_buffer_number: 2
2021/12/17-10:42:30.407900 7ff4c22d5700          Options.compression: Snappy
2021/12/17-10:42:30.407900 7ff4c22d5700                  Options.bottommost_compression: Disabled
2021/12/17-10:42:30.407901 7ff4c22d5700       Options.prefix_extractor: nullptr
2021/12/17-10:42:30.407902 7ff4c22d5700   Options.memtable_insert_with_hint_prefix_extractor: nullptr
2021/12/17-10:42:30.407903 7ff4c22d5700             Options.num_levels: 7
2021/12/17-10:42:30.407904 7ff4c22d5700        Options.min_write_buffer_number_to_merge: 1
2021/12/17-10:42:30.407905 7ff4c22d5700     Options.max_write_buffer_number_to_maintain: 0
2021/12/17-10:42:30.407906 7ff4c22d5700     Options.max_write_buffer_size_to_maintain: 0
2021/12/17-10:42:30.407907 7ff4c22d5700            Options.bottommost_compression_opts.window_bits: -14
2021/12/17-10:42:30.407908 7ff4c22d5700                  Options.bottommost_compression_opts.level: 32767
2021/12/17-10:42:30.407909 7ff4c22d5700               Options.bottommost_compression_opts.strategy: 0
2021/12/17-10:42:30.407909 7ff4c22d5700         Options.bottommost_compression_opts.max_dict_bytes: 0
2021/12/17-10:42:30.407986 7ff4c22d5700         Options.bottommost_compression_opts.zstd_max_train_bytes: 0
2021/12/17-10:42:30.407988 7ff4c22d5700         Options.bottommost_compression_opts.parallel_threads: 1
2021/12/17-10:42:30.407989 7ff4c22d5700                  Options.bottommost_compression_opts.enabled: false
2021/12/17-10:42:30.407990 7ff4c22d5700         Options.bottommost_compression_opts.max_dict_buffer_bytes: 0
2021/12/17-10:42:30.407991 7ff4c22d5700            Options.compression_opts.window_bits: -14
2021/12/17-10:42:30.407992 7ff4c22d5700                  Options.compression_opts.level: 32767
2021/12/17-10:42:30.407992 7ff4c22d5700               Options.compression_opts.strategy: 0
2021/12/17-10:42:30.407993 7ff4c22d5700         Options.compression_opts.max_dict_bytes: 0
2021/12/17-10:42:30.407994 7ff4c22d5700         Options.compression_opts.zstd_max_train_bytes: 0
2021/12/17-10:42:30.407995 7ff4c22d5700         Options.compression_opts.parallel_threads: 1
2021/12/17-10:42:30.407996 7ff4c22d5700                  Options.compression_opts.enabled: false
2021/12/17-10:42:30.407997 7ff4c22d5700         Options.compression_opts.max_dict_buffer_bytes: 0
2021/12/17-10:42:30.407998 7ff4c22d5700      Options.level0_file_num_compaction_trigger: 4
2021/12/17-10:42:30.407998 7ff4c22d5700          Options.level0_slowdown_writes_trigger: 20
2021/12/17-10:42:30.407999 7ff4c22d5700              Options.level0_stop_writes_trigger: 36
2021/12/17-10:42:30.408000 7ff4c22d5700                   Options.target_file_size_base: 67108864
2021/12/17-10:42:30.408001 7ff4c22d5700             Options.target_file_size_multiplier: 1
2021/12/17-10:42:30.408002 7ff4c22d5700                Options.max_bytes_for_level_base: 268435456
2021/12/17-10:42:30.408003 7ff4c22d5700 Options.level_compaction_dynamic_level_bytes: 0
2021/12/17-10:42:30.408005 7ff4c22d5700          Options.max_bytes_for_level_multiplier: 10.000000
2021/12/17-10:42:30.408006 7ff4c22d5700 Options.max_bytes_for_level_multiplier_addtl[0]: 1
2021/12/17-10:42:30.408007 7ff4c22d5700 Options.max_bytes_for_level_multiplier_addtl[1]: 1
2021/12/17-10:42:30.408008 7ff4c22d5700 Options.max_bytes_for_level_multiplier_addtl[2]: 1
2021/12/17-10:42:30.408009 7ff4c22d5700 Options.max_bytes_for_level_multiplier_addtl[3]: 1
2021/12/17-10:42:30.408009 7ff4c22d5700 Options.max_bytes_for_level_multiplier_addtl[4]: 1
2021/12/17-10:42:30.408010 7ff4c22d5700 Options.max_bytes_for_level_multiplier_addtl[5]: 1
2021/12/17-10:42:30.408011 7ff4c22d5700 Options.max_bytes_for_level_multiplier_addtl[6]: 1
2021/12/17-10:42:30.408012 7ff4c22d5700       Options.max_sequential_skip_in_iterations: 8
2021/12/17-10:42:30.408013 7ff4c22d5700                    Options.max_compaction_bytes: 1677721600
2021/12/17-10:42:30.408014 7ff4c22d5700                        Options.arena_block_size: 503808
2021/12/17-10:42:30.408014 7ff4c22d5700   Options.soft_pending_compaction_bytes_limit: 68719476736
2021/12/17-10:42:30.408015 7ff4c22d5700   Options.hard_pending_compaction_bytes_limit: 274877906944
2021/12/17-10:42:30.408016 7ff4c22d5700       Options.rate_limit_delay_max_milliseconds: 100
2021/12/17-10:42:30.408017 7ff4c22d5700                Options.disable_auto_compactions: 0
2021/12/17-10:42:30.408019 7ff4c22d5700                        Options.compaction_style: kCompactionStyleLevel
2021/12/17-10:42:30.408020 7ff4c22d5700                          Options.compaction_pri: kMinOverlappingRatio
2021/12/17-10:42:30.408020 7ff4c22d5700 Options.compaction_options_universal.size_ratio: 1
2021/12/17-10:42:30.408021 7ff4c22d5700 Options.compaction_options_universal.min_merge_width: 2
2021/12/17-10:42:30.408022 7ff4c22d5700 Options.compaction_options_universal.max_merge_width: 4294967295
2021/12/17-10:42:30.408023 7ff4c22d5700 Options.compaction_options_universal.max_size_amplification_percent: 200
2021/12/17-10:42:30.408024 7ff4c22d5700 Options.compaction_options_universal.compression_size_percent: -1
2021/12/17-10:42:30.408025 7ff4c22d5700 Options.compaction_options_universal.stop_style: kCompactionStopStyleTotalSize
2021/12/17-10:42:30.408038 7ff4c22d5700 Options.compaction_options_fifo.max_table_files_size: 1073741824
2021/12/17-10:42:30.408039 7ff4c22d5700 Options.compaction_options_fifo.allow_compaction: 0
2021/12/17-10:42:30.408045 7ff4c22d5700                   Options.table_properties_collectors: 
2021/12/17-10:42:30.408046 7ff4c22d5700                   Options.inplace_update_support: 0
2021/12/17-10:42:30.408046 7ff4c22d5700                 Options.inplace_update_num_locks: 10000
2021/12/17-10:42:30.408048 7ff4c22d5700               Options.memtable_prefix_bloom_size_ratio: 0.000000
2021/12/17-10:42:30.408049 7ff4c22d5700               Options.memtable_whole_key_filtering: 0
2021/12/17-10:42:30.408050 7ff4c22d5700   Options.memtable_huge_page_size: 0
2021/12/17-10:42:30.408050 7ff4c22d5700                           Options.bloom_locality: 0
2021/12/17-10:42:30.408051 7ff4c22d5700                    Options.max_successive_merges: 0
2021/12/17-10:42:30.408052 7ff4c22d5700                Options.optimize_filters_for_hits: 0
2021/12/17-10:42:30.408053 7ff4c22d5700                Options.paranoid_file_checks: 0
2021/12/17-10:42:30.408054 7ff4c22d5700                Options.force_consistency_checks: 1
2021/12/17-10:42:30.408054 7ff4c22d5700                Options.report_bg_io_stats: 0
2021/12/17-10:42:30.408055 7ff4c22d5700                               Options.ttl: 2592000
2021/12/17-10:42:30.408056 7ff4c22d5700          Options.periodic_compaction_seconds: 0
2021/12/17-10:42:30.408057 7ff4c22d5700                    Options.enable_blob_files: false
2021/12/17-10:42:30.408058 7ff4c22d5700                        Options.min_blob_size: 0
2021/12/17-10:42:30.408059 7ff4c22d5700                       Options.blob_file_size: 268435456
2021/12/17-10:42:30.408060 7ff4c22d5700                Options.blob_compression_type: NoCompression
2021/12/17-10:42:30.408061 7ff4c22d5700       Options.enable_blob_garbage_collection: false
2021/12/17-10:42:30.408062 7ff4c22d5700   Options.blob_garbage_collection_age_cutoff: 0.250000
2021/12/17-10:42:30.410642 7ff4c22d5700 [/version_set.cc:4675] Recovered from manifest file:/home/ubuntu/Documents/hivemq-ce-2021.3/data/persistence/retained_messages/040500_R/retained_messages_41/MANIFEST-000001 succeeded,manifest_file_number is 1, next_file_number is 3, last_sequence is 0, log_number is 0,prev_log_number is 0,max_column_family is 0,min_log_number_to_keep is 0
2021/12/17-10:42:30.410648 7ff4c22d5700 [/version_set.cc:4684] Column family [default] (ID 0), log number is 0
2021/12/17-10:42:30.410732 7ff4c22d5700 [/version_set.cc:4119] Creating manifest 4
2021/12/17-10:42:30.528185 7ff4c22d5700 [/db_impl/db_impl_open.cc:1757] SstFileManager instance 0x7ff49435dd00
2021/12/17-10:42:30.528202 7ff4c22d5700 DB pointer 0x7ff4943535b0
2021/12/17-10:50:52.323877 7ff4c22d5700 [/db_impl/db_impl.cc:463] Shutdown: canceling all background work
2021/12/17-10:50:52.325604 7ff4c22d5700 [/db_impl/db_impl.cc:642] Shutdown complete
