2021/12/17-10:42:29.521532 7ff4c20d3700 RocksDB version: 6.20.3
2021/12/17-10:42:29.521560 7ff4c20d3700 Compile date 2021-05-07 11:24:03
2021/12/17-10:42:29.521591 7ff4c20d3700 DB SUMMARY
2021/12/17-10:42:29.521593 7ff4c20d3700 DB Session ID:  0XQS0MJB6OA3QACRDIXR
2021/12/17-10:42:29.521608 7ff4c20d3700 SST files in /home/ubuntu/Documents/hivemq-ce-2021.3/data/persistence/publish_payload_store/040500_R/publish_payload_store_53 dir, Total Num: 0, files: 
2021/12/17-10:42:29.521610 7ff4c20d3700 Write Ahead Log file in /home/ubuntu/Documents/hivemq-ce-2021.3/data/persistence/publish_payload_store/040500_R/publish_payload_store_53: 
2021/12/17-10:42:29.521611 7ff4c20d3700                         Options.error_if_exists: 0
2021/12/17-10:42:29.521612 7ff4c20d3700                       Options.create_if_missing: 1
2021/12/17-10:42:29.521613 7ff4c20d3700                         Options.paranoid_checks: 1
2021/12/17-10:42:29.521614 7ff4c20d3700                               Options.track_and_verify_wals_in_manifest: 0
2021/12/17-10:42:29.521615 7ff4c20d3700                                     Options.env: 0x7ff4c35b80a0
2021/12/17-10:42:29.521616 7ff4c20d3700                                      Options.fs: Posix File System
2021/12/17-10:42:29.521617 7ff4c20d3700                                Options.info_log: 0x7ff49c168ff0
2021/12/17-10:42:29.521618 7ff4c20d3700                Options.max_file_opening_threads: 16
2021/12/17-10:42:29.521619 7ff4c20d3700                              Options.statistics: 0x7ff4ac004d30
2021/12/17-10:42:29.521619 7ff4c20d3700                               Options.use_fsync: 0
2021/12/17-10:42:29.521620 7ff4c20d3700                       Options.max_log_file_size: 512000
2021/12/17-10:42:29.521621 7ff4c20d3700                  Options.max_manifest_file_size: 1073741824
2021/12/17-10:42:29.521622 7ff4c20d3700                   Options.log_file_time_to_roll: 0
2021/12/17-10:42:29.521623 7ff4c20d3700                       Options.keep_log_file_num: 2
2021/12/17-10:42:29.521624 7ff4c20d3700                    Options.recycle_log_file_num: 0
2021/12/17-10:42:29.521625 7ff4c20d3700                         Options.allow_fallocate: 1
2021/12/17-10:42:29.521625 7ff4c20d3700                        Options.allow_mmap_reads: 0
2021/12/17-10:42:29.521626 7ff4c20d3700                       Options.allow_mmap_writes: 0
2021/12/17-10:42:29.521627 7ff4c20d3700                        Options.use_direct_reads: 0
2021/12/17-10:42:29.521628 7ff4c20d3700                        Options.use_direct_io_for_flush_and_compaction: 0
2021/12/17-10:42:29.521629 7ff4c20d3700          Options.create_missing_column_families: 0
2021/12/17-10:42:29.521629 7ff4c20d3700                              Options.db_log_dir: 
2021/12/17-10:42:29.521630 7ff4c20d3700                                 Options.wal_dir: /home/ubuntu/Documents/hivemq-ce-2021.3/data/persistence/publish_payload_store/040500_R/publish_payload_store_53
2021/12/17-10:42:29.521631 7ff4c20d3700                Options.table_cache_numshardbits: 6
2021/12/17-10:42:29.521632 7ff4c20d3700                         Options.WAL_ttl_seconds: 0
2021/12/17-10:42:29.521633 7ff4c20d3700                       Options.WAL_size_limit_MB: 0
2021/12/17-10:42:29.521634 7ff4c20d3700                        Options.max_write_batch_group_size_bytes: 1048576
2021/12/17-10:42:29.521635 7ff4c20d3700             Options.manifest_preallocation_size: 4194304
2021/12/17-10:42:29.521636 7ff4c20d3700                     Options.is_fd_close_on_exec: 1
2021/12/17-10:42:29.521637 7ff4c20d3700                   Options.advise_random_on_open: 1
2021/12/17-10:42:29.521637 7ff4c20d3700                    Options.db_write_buffer_size: 0
2021/12/17-10:42:29.521638 7ff4c20d3700                    Options.write_buffer_manager: 0x7ff49c19f4e0
2021/12/17-10:42:29.521639 7ff4c20d3700         Options.access_hint_on_compaction_start: 1
2021/12/17-10:42:29.521640 7ff4c20d3700  Options.new_table_reader_for_compaction_inputs: 0
2021/12/17-10:42:29.521641 7ff4c20d3700           Options.random_access_max_buffer_size: 1048576
2021/12/17-10:42:29.521642 7ff4c20d3700                      Options.use_adaptive_mutex: 0
2021/12/17-10:42:29.521651 7ff4c20d3700                            Options.rate_limiter: (nil)
2021/12/17-10:42:29.521652 7ff4c20d3700     Options.sst_file_manager.rate_bytes_per_sec: 0
2021/12/17-10:42:29.521653 7ff4c20d3700                       Options.wal_recovery_mode: 2
2021/12/17-10:42:29.521653 7ff4c20d3700                  Options.enable_thread_tracking: 0
2021/12/17-10:42:29.521654 7ff4c20d3700                  Options.enable_pipelined_write: 0
2021/12/17-10:42:29.521655 7ff4c20d3700                  Options.unordered_write: 0
2021/12/17-10:42:29.521656 7ff4c20d3700         Options.allow_concurrent_memtable_write: 1
2021/12/17-10:42:29.521657 7ff4c20d3700      Options.enable_write_thread_adaptive_yield: 1
2021/12/17-10:42:29.521657 7ff4c20d3700             Options.write_thread_max_yield_usec: 100
2021/12/17-10:42:29.521658 7ff4c20d3700            Options.write_thread_slow_yield_usec: 3
2021/12/17-10:42:29.521659 7ff4c20d3700                               Options.row_cache: None
2021/12/17-10:42:29.521660 7ff4c20d3700                              Options.wal_filter: None
2021/12/17-10:42:29.521661 7ff4c20d3700             Options.avoid_flush_during_recovery: 0
2021/12/17-10:42:29.521661 7ff4c20d3700             Options.allow_ingest_behind: 0
2021/12/17-10:42:29.521662 7ff4c20d3700             Options.preserve_deletes: 0
2021/12/17-10:42:29.521663 7ff4c20d3700             Options.two_write_queues: 0
2021/12/17-10:42:29.521664 7ff4c20d3700             Options.manual_wal_flush: 0
2021/12/17-10:42:29.521665 7ff4c20d3700             Options.atomic_flush: 0
2021/12/17-10:42:29.521665 7ff4c20d3700             Options.avoid_unnecessary_blocking_io: 0
2021/12/17-10:42:29.521666 7ff4c20d3700                 Options.persist_stats_to_disk: 0
2021/12/17-10:42:29.521667 7ff4c20d3700                 Options.write_dbid_to_manifest: 0
2021/12/17-10:42:29.521668 7ff4c20d3700                 Options.log_readahead_size: 0
2021/12/17-10:42:29.521669 7ff4c20d3700                 Options.file_checksum_gen_factory: Unknown
2021/12/17-10:42:29.521670 7ff4c20d3700                 Options.best_efforts_recovery: 0
2021/12/17-10:42:29.521670 7ff4c20d3700                Options.max_bgerror_resume_count: 2147483647
2021/12/17-10:42:29.521671 7ff4c20d3700            Options.bgerror_resume_retry_interval: 1000000
2021/12/17-10:42:29.521672 7ff4c20d3700             Options.allow_data_in_errors: 0
2021/12/17-10:42:29.521673 7ff4c20d3700             Options.db_host_id: __hostname__
2021/12/17-10:42:29.521674 7ff4c20d3700             Options.max_background_jobs: 2
2021/12/17-10:42:29.521675 7ff4c20d3700             Options.max_background_compactions: -1
2021/12/17-10:42:29.521676 7ff4c20d3700             Options.max_subcompactions: 1
2021/12/17-10:42:29.521676 7ff4c20d3700             Options.avoid_flush_during_shutdown: 0
2021/12/17-10:42:29.521677 7ff4c20d3700           Options.writable_file_max_buffer_size: 1048576
2021/12/17-10:42:29.521678 7ff4c20d3700             Options.delayed_write_rate : 16777216
2021/12/17-10:42:29.521679 7ff4c20d3700             Options.max_total_wal_size: 0
2021/12/17-10:42:29.521680 7ff4c20d3700             Options.delete_obsolete_files_period_micros: 21600000000
2021/12/17-10:42:29.521681 7ff4c20d3700                   Options.stats_dump_period_sec: 0
2021/12/17-10:42:29.521682 7ff4c20d3700                 Options.stats_persist_period_sec: 0
2021/12/17-10:42:29.521682 7ff4c20d3700                 Options.stats_history_buffer_size: 65536
2021/12/17-10:42:29.521683 7ff4c20d3700                          Options.max_open_files: -1
2021/12/17-10:42:29.521684 7ff4c20d3700                          Options.bytes_per_sync: 0
2021/12/17-10:42:29.521685 7ff4c20d3700                      Options.wal_bytes_per_sync: 0
2021/12/17-10:42:29.521686 7ff4c20d3700                   Options.strict_bytes_per_sync: 0
2021/12/17-10:42:29.521686 7ff4c20d3700       Options.compaction_readahead_size: 0
2021/12/17-10:42:29.521687 7ff4c20d3700                  Options.max_background_flushes: -1
2021/12/17-10:42:29.521688 7ff4c20d3700 Compression algorithms supported:
2021/12/17-10:42:29.521694 7ff4c20d3700 	kZSTDNotFinalCompression supported: 1
2021/12/17-10:42:29.521695 7ff4c20d3700 	kZSTD supported: 1
2021/12/17-10:42:29.521696 7ff4c20d3700 	kXpressCompression supported: 0
2021/12/17-10:42:29.521697 7ff4c20d3700 	kLZ4HCCompression supported: 1
2021/12/17-10:42:29.521697 7ff4c20d3700 	kLZ4Compression supported: 1
2021/12/17-10:42:29.521698 7ff4c20d3700 	kBZip2Compression supported: 1
2021/12/17-10:42:29.521699 7ff4c20d3700 	kZlibCompression supported: 1
2021/12/17-10:42:29.521700 7ff4c20d3700 	kSnappyCompression supported: 1
2021/12/17-10:42:29.521702 7ff4c20d3700 Fast CRC32 supported: Not supported on x86
2021/12/17-10:42:29.532455 7ff4c20d3700 [/db_impl/db_impl_open.cc:285] Creating manifest 1 
2021/12/17-10:42:29.576559 7ff4c20d3700 [/version_set.cc:4627] Recovering from manifest file: /home/ubuntu/Documents/hivemq-ce-2021.3/data/persistence/publish_payload_store/040500_R/publish_payload_store_53/MANIFEST-000001
2021/12/17-10:42:29.583341 7ff4c20d3700 [/column_family.cc:598] --------------- Options for column family [default]:
2021/12/17-10:42:29.583347 7ff4c20d3700               Options.comparator: leveldb.BytewiseComparator
2021/12/17-10:42:29.583348 7ff4c20d3700           Options.merge_operator: None
2021/12/17-10:42:29.583349 7ff4c20d3700        Options.compaction_filter: None
2021/12/17-10:42:29.583350 7ff4c20d3700        Options.compaction_filter_factory: None
2021/12/17-10:42:29.583351 7ff4c20d3700  Options.sst_partitioner_factory: None
2021/12/17-10:42:29.583352 7ff4c20d3700         Options.memtable_factory: SkipListFactory
2021/12/17-10:42:29.583353 7ff4c20d3700            Options.table_factory: BlockBasedTable
2021/12/17-10:42:29.583840 7ff4c20d3700            table_factory options:   flush_block_policy_factory: FlushBlockBySizePolicyFactory (0x7ff4ac079670)
  cache_index_and_filter_blocks: 0
  cache_index_and_filter_blocks_with_high_priority: 1
  pin_l0_filter_and_index_blocks_in_cache: 0
  pin_top_level_index_and_filter: 1
  index_type: 0
  data_block_index_type: 0
  index_shortening: 1
  data_block_hash_table_util_ratio: 0.750000
  hash_index_allow_collision: 1
  checksum: 1
  no_block_cache: 0
  block_cache: 0x7ff4ac005750
  block_cache_name: LRUCache
  block_cache_options:
    capacity : 128753152
    num_shard_bits : 6
    strict_capacity_limit : 0
    memory_allocator : None
    high_pri_pool_ratio: 0.000
  block_cache_compressed: (nil)
  persistent_cache: (nil)
  block_size: 32768
  block_size_deviation: 10
  block_restart_interval: 16
  index_block_restart_interval: 1
  metadata_block_size: 4096
  partition_filters: 0
  use_delta_encoding: 1
  filter_policy: nullptr
  whole_key_filtering: 1
  verify_compression: 0
  read_amp_bytes_per_bit: 0
  format_version: 5
  enable_index_compression: 1
  block_align: 0
2021/12/17-10:42:29.583842 7ff4c20d3700        Options.write_buffer_size: 4023536
2021/12/17-10:42:29.583843 7ff4c20d3700  Options.max_write_buffer_number: 2
2021/12/17-10:42:29.583844 7ff4c20d3700          Options.compression: Snappy
2021/12/17-10:42:29.583845 7ff4c20d3700                  Options.bottommost_compression: Disabled
2021/12/17-10:42:29.583846 7ff4c20d3700       Options.prefix_extractor: nullptr
2021/12/17-10:42:29.583847 7ff4c20d3700   Options.memtable_insert_with_hint_prefix_extractor: nullptr
2021/12/17-10:42:29.583848 7ff4c20d3700             Options.num_levels: 7
2021/12/17-10:42:29.583849 7ff4c20d3700        Options.min_write_buffer_number_to_merge: 1
2021/12/17-10:42:29.583850 7ff4c20d3700     Options.max_write_buffer_number_to_maintain: 0
2021/12/17-10:42:29.583851 7ff4c20d3700     Options.max_write_buffer_size_to_maintain: 0
2021/12/17-10:42:29.583852 7ff4c20d3700            Options.bottommost_compression_opts.window_bits: -14
2021/12/17-10:42:29.583853 7ff4c20d3700                  Options.bottommost_compression_opts.level: 32767
2021/12/17-10:42:29.583854 7ff4c20d3700               Options.bottommost_compression_opts.strategy: 0
2021/12/17-10:42:29.583855 7ff4c20d3700         Options.bottommost_compression_opts.max_dict_bytes: 0
2021/12/17-10:42:29.583954 7ff4c20d3700         Options.bottommost_compression_opts.zstd_max_train_bytes: 0
2021/12/17-10:42:29.583956 7ff4c20d3700         Options.bottommost_compression_opts.parallel_threads: 1
2021/12/17-10:42:29.583957 7ff4c20d3700                  Options.bottommost_compression_opts.enabled: false
2021/12/17-10:42:29.583958 7ff4c20d3700         Options.bottommost_compression_opts.max_dict_buffer_bytes: 0
2021/12/17-10:42:29.583960 7ff4c20d3700            Options.compression_opts.window_bits: -14
2021/12/17-10:42:29.583961 7ff4c20d3700                  Options.compression_opts.level: 32767
2021/12/17-10:42:29.583962 7ff4c20d3700               Options.compression_opts.strategy: 0
2021/12/17-10:42:29.584044 7ff4c20d3700         Options.compression_opts.max_dict_bytes: 0
2021/12/17-10:42:29.584046 7ff4c20d3700         Options.compression_opts.zstd_max_train_bytes: 0
2021/12/17-10:42:29.584047 7ff4c20d3700         Options.compression_opts.parallel_threads: 1
2021/12/17-10:42:29.584048 7ff4c20d3700                  Options.compression_opts.enabled: false
2021/12/17-10:42:29.584049 7ff4c20d3700         Options.compression_opts.max_dict_buffer_bytes: 0
2021/12/17-10:42:29.584050 7ff4c20d3700      Options.level0_file_num_compaction_trigger: 4
2021/12/17-10:42:29.584051 7ff4c20d3700          Options.level0_slowdown_writes_trigger: 20
2021/12/17-10:42:29.584052 7ff4c20d3700              Options.level0_stop_writes_trigger: 36
2021/12/17-10:42:29.584053 7ff4c20d3700                   Options.target_file_size_base: 67108864
2021/12/17-10:42:29.584054 7ff4c20d3700             Options.target_file_size_multiplier: 1
2021/12/17-10:42:29.584055 7ff4c20d3700                Options.max_bytes_for_level_base: 268435456
2021/12/17-10:42:29.584056 7ff4c20d3700 Options.level_compaction_dynamic_level_bytes: 0
2021/12/17-10:42:29.584058 7ff4c20d3700          Options.max_bytes_for_level_multiplier: 10.000000
2021/12/17-10:42:29.584059 7ff4c20d3700 Options.max_bytes_for_level_multiplier_addtl[0]: 1
2021/12/17-10:42:29.584061 7ff4c20d3700 Options.max_bytes_for_level_multiplier_addtl[1]: 1
2021/12/17-10:42:29.584062 7ff4c20d3700 Options.max_bytes_for_level_multiplier_addtl[2]: 1
2021/12/17-10:42:29.584063 7ff4c20d3700 Options.max_bytes_for_level_multiplier_addtl[3]: 1
2021/12/17-10:42:29.584064 7ff4c20d3700 Options.max_bytes_for_level_multiplier_addtl[4]: 1
2021/12/17-10:42:29.584065 7ff4c20d3700 Options.max_bytes_for_level_multiplier_addtl[5]: 1
2021/12/17-10:42:29.584065 7ff4c20d3700 Options.max_bytes_for_level_multiplier_addtl[6]: 1
2021/12/17-10:42:29.584066 7ff4c20d3700       Options.max_sequential_skip_in_iterations: 8
2021/12/17-10:42:29.584067 7ff4c20d3700                    Options.max_compaction_bytes: 1677721600
2021/12/17-10:42:29.584068 7ff4c20d3700                        Options.arena_block_size: 503808
2021/12/17-10:42:29.584069 7ff4c20d3700   Options.soft_pending_compaction_bytes_limit: 68719476736
2021/12/17-10:42:29.584070 7ff4c20d3700   Options.hard_pending_compaction_bytes_limit: 274877906944
2021/12/17-10:42:29.584071 7ff4c20d3700       Options.rate_limit_delay_max_milliseconds: 100
2021/12/17-10:42:29.584072 7ff4c20d3700                Options.disable_auto_compactions: 0
2021/12/17-10:42:29.584074 7ff4c20d3700                        Options.compaction_style: kCompactionStyleLevel
2021/12/17-10:42:29.584075 7ff4c20d3700                          Options.compaction_pri: kMinOverlappingRatio
2021/12/17-10:42:29.584076 7ff4c20d3700 Options.compaction_options_universal.size_ratio: 1
2021/12/17-10:42:29.584077 7ff4c20d3700 Options.compaction_options_universal.min_merge_width: 2
2021/12/17-10:42:29.584078 7ff4c20d3700 Options.compaction_options_universal.max_merge_width: 4294967295
2021/12/17-10:42:29.584079 7ff4c20d3700 Options.compaction_options_universal.max_size_amplification_percent: 200
2021/12/17-10:42:29.584080 7ff4c20d3700 Options.compaction_options_universal.compression_size_percent: -1
2021/12/17-10:42:29.584081 7ff4c20d3700 Options.compaction_options_universal.stop_style: kCompactionStopStyleTotalSize
2021/12/17-10:42:29.584093 7ff4c20d3700 Options.compaction_options_fifo.max_table_files_size: 1073741824
2021/12/17-10:42:29.584094 7ff4c20d3700 Options.compaction_options_fifo.allow_compaction: 0
2021/12/17-10:42:29.584100 7ff4c20d3700                   Options.table_properties_collectors: 
2021/12/17-10:42:29.584104 7ff4c20d3700                   Options.inplace_update_support: 0
2021/12/17-10:42:29.584105 7ff4c20d3700                 Options.inplace_update_num_locks: 10000
2021/12/17-10:42:29.584106 7ff4c20d3700               Options.memtable_prefix_bloom_size_ratio: 0.000000
2021/12/17-10:42:29.584107 7ff4c20d3700               Options.memtable_whole_key_filtering: 0
2021/12/17-10:42:29.584108 7ff4c20d3700   Options.memtable_huge_page_size: 0
2021/12/17-10:42:29.584109 7ff4c20d3700                           Options.bloom_locality: 0
2021/12/17-10:42:29.584109 7ff4c20d3700                    Options.max_successive_merges: 0
2021/12/17-10:42:29.584110 7ff4c20d3700                Options.optimize_filters_for_hits: 0
2021/12/17-10:42:29.584111 7ff4c20d3700                Options.paranoid_file_checks: 0
2021/12/17-10:42:29.584112 7ff4c20d3700                Options.force_consistency_checks: 1
2021/12/17-10:42:29.584113 7ff4c20d3700                Options.report_bg_io_stats: 0
2021/12/17-10:42:29.584113 7ff4c20d3700                               Options.ttl: 2592000
2021/12/17-10:42:29.584114 7ff4c20d3700          Options.periodic_compaction_seconds: 0
2021/12/17-10:42:29.584115 7ff4c20d3700                    Options.enable_blob_files: false
2021/12/17-10:42:29.584116 7ff4c20d3700                        Options.min_blob_size: 0
2021/12/17-10:42:29.584117 7ff4c20d3700                       Options.blob_file_size: 268435456
2021/12/17-10:42:29.584118 7ff4c20d3700                Options.blob_compression_type: NoCompression
2021/12/17-10:42:29.584119 7ff4c20d3700       Options.enable_blob_garbage_collection: false
2021/12/17-10:42:29.584120 7ff4c20d3700   Options.blob_garbage_collection_age_cutoff: 0.250000
2021/12/17-10:42:29.596763 7ff4c20d3700 [/version_set.cc:4675] Recovered from manifest file:/home/ubuntu/Documents/hivemq-ce-2021.3/data/persistence/publish_payload_store/040500_R/publish_payload_store_53/MANIFEST-000001 succeeded,manifest_file_number is 1, next_file_number is 3, last_sequence is 0, log_number is 0,prev_log_number is 0,max_column_family is 0,min_log_number_to_keep is 0
2021/12/17-10:42:29.596768 7ff4c20d3700 [/version_set.cc:4684] Column family [default] (ID 0), log number is 0
2021/12/17-10:42:29.596823 7ff4c20d3700 [/version_set.cc:4119] Creating manifest 4
2021/12/17-10:42:29.727011 7ff4c20d3700 [/db_impl/db_impl_open.cc:1757] SstFileManager instance 0x7ff49c19cc70
2021/12/17-10:42:29.727027 7ff4c20d3700 DB pointer 0x7ff49c1a27b0
2021/12/17-10:50:52.600912 7ff48aff0700 [/db_impl/db_impl.cc:463] Shutdown: canceling all background work
2021/12/17-10:50:52.601403 7ff48aff0700 [/db_impl/db_impl.cc:642] Shutdown complete
