2021/12/17-10:42:30.118320 7ff4c26d9700 RocksDB version: 6.20.3
2021/12/17-10:42:30.118346 7ff4c26d9700 Compile date 2021-05-07 11:24:03
2021/12/17-10:42:30.118377 7ff4c26d9700 DB SUMMARY
2021/12/17-10:42:30.118378 7ff4c26d9700 DB Session ID:  FPJOALKQA24RLZ4C6847
2021/12/17-10:42:30.118391 7ff4c26d9700 SST files in /home/ubuntu/Documents/hivemq-ce-2021.3/data/persistence/retained_messages/040500_R/retained_messages_31 dir, Total Num: 0, files: 
2021/12/17-10:42:30.118393 7ff4c26d9700 Write Ahead Log file in /home/ubuntu/Documents/hivemq-ce-2021.3/data/persistence/retained_messages/040500_R/retained_messages_31: 
2021/12/17-10:42:30.118394 7ff4c26d9700                         Options.error_if_exists: 0
2021/12/17-10:42:30.118395 7ff4c26d9700                       Options.create_if_missing: 1
2021/12/17-10:42:30.118396 7ff4c26d9700                         Options.paranoid_checks: 1
2021/12/17-10:42:30.118397 7ff4c26d9700                               Options.track_and_verify_wals_in_manifest: 0
2021/12/17-10:42:30.118398 7ff4c26d9700                                     Options.env: 0x7ff4c35b80a0
2021/12/17-10:42:30.118399 7ff4c26d9700                                      Options.fs: Posix File System
2021/12/17-10:42:30.118400 7ff4c26d9700                                Options.info_log: 0x7ff49c31c9f0
2021/12/17-10:42:30.118401 7ff4c26d9700                Options.max_file_opening_threads: 16
2021/12/17-10:42:30.118402 7ff4c26d9700                              Options.statistics: 0x7ff4a0003190
2021/12/17-10:42:30.118403 7ff4c26d9700                               Options.use_fsync: 0
2021/12/17-10:42:30.118404 7ff4c26d9700                       Options.max_log_file_size: 512000
2021/12/17-10:42:30.118405 7ff4c26d9700                  Options.max_manifest_file_size: 1073741824
2021/12/17-10:42:30.118421 7ff4c26d9700                   Options.log_file_time_to_roll: 0
2021/12/17-10:42:30.118423 7ff4c26d9700                       Options.keep_log_file_num: 2
2021/12/17-10:42:30.118424 7ff4c26d9700                    Options.recycle_log_file_num: 0
2021/12/17-10:42:30.118425 7ff4c26d9700                         Options.allow_fallocate: 1
2021/12/17-10:42:30.118426 7ff4c26d9700                        Options.allow_mmap_reads: 0
2021/12/17-10:42:30.118427 7ff4c26d9700                       Options.allow_mmap_writes: 0
2021/12/17-10:42:30.118428 7ff4c26d9700                        Options.use_direct_reads: 0
2021/12/17-10:42:30.118429 7ff4c26d9700                        Options.use_direct_io_for_flush_and_compaction: 0
2021/12/17-10:42:30.118430 7ff4c26d9700          Options.create_missing_column_families: 0
2021/12/17-10:42:30.118431 7ff4c26d9700                              Options.db_log_dir: 
2021/12/17-10:42:30.118432 7ff4c26d9700                                 Options.wal_dir: /home/ubuntu/Documents/hivemq-ce-2021.3/data/persistence/retained_messages/040500_R/retained_messages_31
2021/12/17-10:42:30.118433 7ff4c26d9700                Options.table_cache_numshardbits: 6
2021/12/17-10:42:30.118434 7ff4c26d9700                         Options.WAL_ttl_seconds: 0
2021/12/17-10:42:30.118435 7ff4c26d9700                       Options.WAL_size_limit_MB: 0
2021/12/17-10:42:30.118436 7ff4c26d9700                        Options.max_write_batch_group_size_bytes: 1048576
2021/12/17-10:42:30.118437 7ff4c26d9700             Options.manifest_preallocation_size: 4194304
2021/12/17-10:42:30.118438 7ff4c26d9700                     Options.is_fd_close_on_exec: 1
2021/12/17-10:42:30.118439 7ff4c26d9700                   Options.advise_random_on_open: 1
2021/12/17-10:42:30.118440 7ff4c26d9700                    Options.db_write_buffer_size: 0
2021/12/17-10:42:30.118441 7ff4c26d9700                    Options.write_buffer_manager: 0x7ff49c3b2950
2021/12/17-10:42:30.118442 7ff4c26d9700         Options.access_hint_on_compaction_start: 1
2021/12/17-10:42:30.118443 7ff4c26d9700  Options.new_table_reader_for_compaction_inputs: 0
2021/12/17-10:42:30.118444 7ff4c26d9700           Options.random_access_max_buffer_size: 1048576
2021/12/17-10:42:30.118445 7ff4c26d9700                      Options.use_adaptive_mutex: 0
2021/12/17-10:42:30.118457 7ff4c26d9700                            Options.rate_limiter: (nil)
2021/12/17-10:42:30.118459 7ff4c26d9700     Options.sst_file_manager.rate_bytes_per_sec: 0
2021/12/17-10:42:30.118459 7ff4c26d9700                       Options.wal_recovery_mode: 2
2021/12/17-10:42:30.118460 7ff4c26d9700                  Options.enable_thread_tracking: 0
2021/12/17-10:42:30.118461 7ff4c26d9700                  Options.enable_pipelined_write: 0
2021/12/17-10:42:30.118462 7ff4c26d9700                  Options.unordered_write: 0
2021/12/17-10:42:30.118463 7ff4c26d9700         Options.allow_concurrent_memtable_write: 1
2021/12/17-10:42:30.118464 7ff4c26d9700      Options.enable_write_thread_adaptive_yield: 1
2021/12/17-10:42:30.118465 7ff4c26d9700             Options.write_thread_max_yield_usec: 100
2021/12/17-10:42:30.118466 7ff4c26d9700            Options.write_thread_slow_yield_usec: 3
2021/12/17-10:42:30.118467 7ff4c26d9700                               Options.row_cache: None
2021/12/17-10:42:30.118468 7ff4c26d9700                              Options.wal_filter: None
2021/12/17-10:42:30.118469 7ff4c26d9700             Options.avoid_flush_during_recovery: 0
2021/12/17-10:42:30.118470 7ff4c26d9700             Options.allow_ingest_behind: 0
2021/12/17-10:42:30.118471 7ff4c26d9700             Options.preserve_deletes: 0
2021/12/17-10:42:30.118472 7ff4c26d9700             Options.two_write_queues: 0
2021/12/17-10:42:30.118472 7ff4c26d9700             Options.manual_wal_flush: 0
2021/12/17-10:42:30.118473 7ff4c26d9700             Options.atomic_flush: 0
2021/12/17-10:42:30.118474 7ff4c26d9700             Options.avoid_unnecessary_blocking_io: 0
2021/12/17-10:42:30.118475 7ff4c26d9700                 Options.persist_stats_to_disk: 0
2021/12/17-10:42:30.118476 7ff4c26d9700                 Options.write_dbid_to_manifest: 0
2021/12/17-10:42:30.118477 7ff4c26d9700                 Options.log_readahead_size: 0
2021/12/17-10:42:30.118478 7ff4c26d9700                 Options.file_checksum_gen_factory: Unknown
2021/12/17-10:42:30.118479 7ff4c26d9700                 Options.best_efforts_recovery: 0
2021/12/17-10:42:30.118480 7ff4c26d9700                Options.max_bgerror_resume_count: 2147483647
2021/12/17-10:42:30.118481 7ff4c26d9700            Options.bgerror_resume_retry_interval: 1000000
2021/12/17-10:42:30.118481 7ff4c26d9700             Options.allow_data_in_errors: 0
2021/12/17-10:42:30.118482 7ff4c26d9700             Options.db_host_id: __hostname__
2021/12/17-10:42:30.118483 7ff4c26d9700             Options.max_background_jobs: 2
2021/12/17-10:42:30.118484 7ff4c26d9700             Options.max_background_compactions: -1
2021/12/17-10:42:30.118485 7ff4c26d9700             Options.max_subcompactions: 1
2021/12/17-10:42:30.118486 7ff4c26d9700             Options.avoid_flush_during_shutdown: 0
2021/12/17-10:42:30.118487 7ff4c26d9700           Options.writable_file_max_buffer_size: 1048576
2021/12/17-10:42:30.118488 7ff4c26d9700             Options.delayed_write_rate : 16777216
2021/12/17-10:42:30.118489 7ff4c26d9700             Options.max_total_wal_size: 0
2021/12/17-10:42:30.118490 7ff4c26d9700             Options.delete_obsolete_files_period_micros: 21600000000
2021/12/17-10:42:30.118491 7ff4c26d9700                   Options.stats_dump_period_sec: 0
2021/12/17-10:42:30.118492 7ff4c26d9700                 Options.stats_persist_period_sec: 0
2021/12/17-10:42:30.118493 7ff4c26d9700                 Options.stats_history_buffer_size: 65536
2021/12/17-10:42:30.118494 7ff4c26d9700                          Options.max_open_files: -1
2021/12/17-10:42:30.118495 7ff4c26d9700                          Options.bytes_per_sync: 0
2021/12/17-10:42:30.118496 7ff4c26d9700                      Options.wal_bytes_per_sync: 0
2021/12/17-10:42:30.118497 7ff4c26d9700                   Options.strict_bytes_per_sync: 0
2021/12/17-10:42:30.118497 7ff4c26d9700       Options.compaction_readahead_size: 0
2021/12/17-10:42:30.118498 7ff4c26d9700                  Options.max_background_flushes: -1
2021/12/17-10:42:30.118499 7ff4c26d9700 Compression algorithms supported:
2021/12/17-10:42:30.118505 7ff4c26d9700 	kZSTDNotFinalCompression supported: 1
2021/12/17-10:42:30.118507 7ff4c26d9700 	kZSTD supported: 1
2021/12/17-10:42:30.118508 7ff4c26d9700 	kXpressCompression supported: 0
2021/12/17-10:42:30.118509 7ff4c26d9700 	kLZ4HCCompression supported: 1
2021/12/17-10:42:30.118510 7ff4c26d9700 	kLZ4Compression supported: 1
2021/12/17-10:42:30.118511 7ff4c26d9700 	kBZip2Compression supported: 1
2021/12/17-10:42:30.118512 7ff4c26d9700 	kZlibCompression supported: 1
2021/12/17-10:42:30.118513 7ff4c26d9700 	kSnappyCompression supported: 1
2021/12/17-10:42:30.118514 7ff4c26d9700 Fast CRC32 supported: Not supported on x86
2021/12/17-10:42:30.140304 7ff4c26d9700 [/db_impl/db_impl_open.cc:285] Creating manifest 1 
2021/12/17-10:42:30.235643 7ff4c26d9700 [/version_set.cc:4627] Recovering from manifest file: /home/ubuntu/Documents/hivemq-ce-2021.3/data/persistence/retained_messages/040500_R/retained_messages_31/MANIFEST-000001
2021/12/17-10:42:30.235753 7ff4c26d9700 [/column_family.cc:598] --------------- Options for column family [default]:
2021/12/17-10:42:30.235757 7ff4c26d9700               Options.comparator: leveldb.BytewiseComparator
2021/12/17-10:42:30.235758 7ff4c26d9700           Options.merge_operator: None
2021/12/17-10:42:30.235759 7ff4c26d9700        Options.compaction_filter: None
2021/12/17-10:42:30.235760 7ff4c26d9700        Options.compaction_filter_factory: None
2021/12/17-10:42:30.235761 7ff4c26d9700  Options.sst_partitioner_factory: None
2021/12/17-10:42:30.235762 7ff4c26d9700         Options.memtable_factory: SkipListFactory
2021/12/17-10:42:30.235763 7ff4c26d9700            Options.table_factory: BlockBasedTable
2021/12/17-10:42:30.235783 7ff4c26d9700            table_factory options:   flush_block_policy_factory: FlushBlockBySizePolicyFactory (0x7ff4a006ca20)
  cache_index_and_filter_blocks: 0
  cache_index_and_filter_blocks_with_high_priority: 1
  pin_l0_filter_and_index_blocks_in_cache: 0
  pin_top_level_index_and_filter: 1
  index_type: 0
  data_block_index_type: 0
  index_shortening: 1
  data_block_hash_table_util_ratio: 0.750000
  hash_index_allow_collision: 1
  checksum: 1
  no_block_cache: 0
  block_cache: 0x7ff4a006c9a0
  block_cache_name: LRUCache
  block_cache_options:
    capacity : 128753152
    num_shard_bits : 6
    strict_capacity_limit : 0
    memory_allocator : None
    high_pri_pool_ratio: 0.000
  block_cache_compressed: (nil)
  persistent_cache: (nil)
  block_size: 32768
  block_size_deviation: 10
  block_restart_interval: 16
  index_block_restart_interval: 1
  metadata_block_size: 4096
  partition_filters: 0
  use_delta_encoding: 1
  filter_policy: nullptr
  whole_key_filtering: 1
  verify_compression: 0
  read_amp_bytes_per_bit: 0
  format_version: 5
  enable_index_compression: 1
  block_align: 0
2021/12/17-10:42:30.235785 7ff4c26d9700        Options.write_buffer_size: 4023536
2021/12/17-10:42:30.235786 7ff4c26d9700  Options.max_write_buffer_number: 2
2021/12/17-10:42:30.235787 7ff4c26d9700          Options.compression: Snappy
2021/12/17-10:42:30.235788 7ff4c26d9700                  Options.bottommost_compression: Disabled
2021/12/17-10:42:30.235789 7ff4c26d9700       Options.prefix_extractor: nullptr
2021/12/17-10:42:30.235790 7ff4c26d9700   Options.memtable_insert_with_hint_prefix_extractor: nullptr
2021/12/17-10:42:30.235791 7ff4c26d9700             Options.num_levels: 7
2021/12/17-10:42:30.235792 7ff4c26d9700        Options.min_write_buffer_number_to_merge: 1
2021/12/17-10:42:30.235793 7ff4c26d9700     Options.max_write_buffer_number_to_maintain: 0
2021/12/17-10:42:30.235793 7ff4c26d9700     Options.max_write_buffer_size_to_maintain: 0
2021/12/17-10:42:30.235794 7ff4c26d9700            Options.bottommost_compression_opts.window_bits: -14
2021/12/17-10:42:30.235795 7ff4c26d9700                  Options.bottommost_compression_opts.level: 32767
2021/12/17-10:42:30.235796 7ff4c26d9700               Options.bottommost_compression_opts.strategy: 0
2021/12/17-10:42:30.235797 7ff4c26d9700         Options.bottommost_compression_opts.max_dict_bytes: 0
2021/12/17-10:42:30.235867 7ff4c26d9700         Options.bottommost_compression_opts.zstd_max_train_bytes: 0
2021/12/17-10:42:30.235870 7ff4c26d9700         Options.bottommost_compression_opts.parallel_threads: 1
2021/12/17-10:42:30.235871 7ff4c26d9700                  Options.bottommost_compression_opts.enabled: false
2021/12/17-10:42:30.235872 7ff4c26d9700         Options.bottommost_compression_opts.max_dict_buffer_bytes: 0
2021/12/17-10:42:30.235873 7ff4c26d9700            Options.compression_opts.window_bits: -14
2021/12/17-10:42:30.235874 7ff4c26d9700                  Options.compression_opts.level: 32767
2021/12/17-10:42:30.235875 7ff4c26d9700               Options.compression_opts.strategy: 0
2021/12/17-10:42:30.235876 7ff4c26d9700         Options.compression_opts.max_dict_bytes: 0
2021/12/17-10:42:30.235877 7ff4c26d9700         Options.compression_opts.zstd_max_train_bytes: 0
2021/12/17-10:42:30.235878 7ff4c26d9700         Options.compression_opts.parallel_threads: 1
2021/12/17-10:42:30.235879 7ff4c26d9700                  Options.compression_opts.enabled: false
2021/12/17-10:42:30.235880 7ff4c26d9700         Options.compression_opts.max_dict_buffer_bytes: 0
2021/12/17-10:42:30.235881 7ff4c26d9700      Options.level0_file_num_compaction_trigger: 4
2021/12/17-10:42:30.235881 7ff4c26d9700          Options.level0_slowdown_writes_trigger: 20
2021/12/17-10:42:30.235882 7ff4c26d9700              Options.level0_stop_writes_trigger: 36
2021/12/17-10:42:30.235883 7ff4c26d9700                   Options.target_file_size_base: 67108864
2021/12/17-10:42:30.235884 7ff4c26d9700             Options.target_file_size_multiplier: 1
2021/12/17-10:42:30.235885 7ff4c26d9700                Options.max_bytes_for_level_base: 268435456
2021/12/17-10:42:30.235886 7ff4c26d9700 Options.level_compaction_dynamic_level_bytes: 0
2021/12/17-10:42:30.235888 7ff4c26d9700          Options.max_bytes_for_level_multiplier: 10.000000
2021/12/17-10:42:30.235890 7ff4c26d9700 Options.max_bytes_for_level_multiplier_addtl[0]: 1
2021/12/17-10:42:30.235891 7ff4c26d9700 Options.max_bytes_for_level_multiplier_addtl[1]: 1
2021/12/17-10:42:30.235892 7ff4c26d9700 Options.max_bytes_for_level_multiplier_addtl[2]: 1
2021/12/17-10:42:30.235893 7ff4c26d9700 Options.max_bytes_for_level_multiplier_addtl[3]: 1
2021/12/17-10:42:30.235894 7ff4c26d9700 Options.max_bytes_for_level_multiplier_addtl[4]: 1
2021/12/17-10:42:30.235895 7ff4c26d9700 Options.max_bytes_for_level_multiplier_addtl[5]: 1
2021/12/17-10:42:30.235896 7ff4c26d9700 Options.max_bytes_for_level_multiplier_addtl[6]: 1
2021/12/17-10:42:30.235897 7ff4c26d9700       Options.max_sequential_skip_in_iterations: 8
2021/12/17-10:42:30.235898 7ff4c26d9700                    Options.max_compaction_bytes: 1677721600
2021/12/17-10:42:30.235899 7ff4c26d9700                        Options.arena_block_size: 503808
2021/12/17-10:42:30.235900 7ff4c26d9700   Options.soft_pending_compaction_bytes_limit: 68719476736
2021/12/17-10:42:30.235901 7ff4c26d9700   Options.hard_pending_compaction_bytes_limit: 274877906944
2021/12/17-10:42:30.235902 7ff4c26d9700       Options.rate_limit_delay_max_milliseconds: 100
2021/12/17-10:42:30.235903 7ff4c26d9700                Options.disable_auto_compactions: 0
2021/12/17-10:42:30.235904 7ff4c26d9700                        Options.compaction_style: kCompactionStyleLevel
2021/12/17-10:42:30.235905 7ff4c26d9700                          Options.compaction_pri: kMinOverlappingRatio
2021/12/17-10:42:30.235906 7ff4c26d9700 Options.compaction_options_universal.size_ratio: 1
2021/12/17-10:42:30.235907 7ff4c26d9700 Options.compaction_options_universal.min_merge_width: 2
2021/12/17-10:42:30.235908 7ff4c26d9700 Options.compaction_options_universal.max_merge_width: 4294967295
2021/12/17-10:42:30.235909 7ff4c26d9700 Options.compaction_options_universal.max_size_amplification_percent: 200
2021/12/17-10:42:30.235910 7ff4c26d9700 Options.compaction_options_universal.compression_size_percent: -1
2021/12/17-10:42:30.235911 7ff4c26d9700 Options.compaction_options_universal.stop_style: kCompactionStopStyleTotalSize
2021/12/17-10:42:30.235977 7ff4c26d9700 Options.compaction_options_fifo.max_table_files_size: 1073741824
2021/12/17-10:42:30.235979 7ff4c26d9700 Options.compaction_options_fifo.allow_compaction: 0
2021/12/17-10:42:30.235985 7ff4c26d9700                   Options.table_properties_collectors: 
2021/12/17-10:42:30.235986 7ff4c26d9700                   Options.inplace_update_support: 0
2021/12/17-10:42:30.235986 7ff4c26d9700                 Options.inplace_update_num_locks: 10000
2021/12/17-10:42:30.235988 7ff4c26d9700               Options.memtable_prefix_bloom_size_ratio: 0.000000
2021/12/17-10:42:30.235989 7ff4c26d9700               Options.memtable_whole_key_filtering: 0
2021/12/17-10:42:30.235990 7ff4c26d9700   Options.memtable_huge_page_size: 0
2021/12/17-10:42:30.235990 7ff4c26d9700                           Options.bloom_locality: 0
2021/12/17-10:42:30.235991 7ff4c26d9700                    Options.max_successive_merges: 0
2021/12/17-10:42:30.235992 7ff4c26d9700                Options.optimize_filters_for_hits: 0
2021/12/17-10:42:30.235993 7ff4c26d9700                Options.paranoid_file_checks: 0
2021/12/17-10:42:30.235994 7ff4c26d9700                Options.force_consistency_checks: 1
2021/12/17-10:42:30.235995 7ff4c26d9700                Options.report_bg_io_stats: 0
2021/12/17-10:42:30.235995 7ff4c26d9700                               Options.ttl: 2592000
2021/12/17-10:42:30.235996 7ff4c26d9700          Options.periodic_compaction_seconds: 0
2021/12/17-10:42:30.236002 7ff4c26d9700                    Options.enable_blob_files: false
2021/12/17-10:42:30.236003 7ff4c26d9700                        Options.min_blob_size: 0
2021/12/17-10:42:30.236004 7ff4c26d9700                       Options.blob_file_size: 268435456
2021/12/17-10:42:30.236005 7ff4c26d9700                Options.blob_compression_type: NoCompression
2021/12/17-10:42:30.236006 7ff4c26d9700       Options.enable_blob_garbage_collection: false
2021/12/17-10:42:30.236007 7ff4c26d9700   Options.blob_garbage_collection_age_cutoff: 0.250000
2021/12/17-10:42:30.237430 7ff4c26d9700 [/version_set.cc:4675] Recovered from manifest file:/home/ubuntu/Documents/hivemq-ce-2021.3/data/persistence/retained_messages/040500_R/retained_messages_31/MANIFEST-000001 succeeded,manifest_file_number is 1, next_file_number is 3, last_sequence is 0, log_number is 0,prev_log_number is 0,max_column_family is 0,min_log_number_to_keep is 0
2021/12/17-10:42:30.237434 7ff4c26d9700 [/version_set.cc:4684] Column family [default] (ID 0), log number is 0
2021/12/17-10:42:30.237494 7ff4c26d9700 [/version_set.cc:4119] Creating manifest 4
2021/12/17-10:42:30.357989 7ff4c26d9700 [/db_impl/db_impl_open.cc:1757] SstFileManager instance 0x7ff49c2a1550
2021/12/17-10:42:30.358006 7ff4c26d9700 DB pointer 0x7ff49c3b1280
2021/12/17-10:50:52.042060 7ff4c20d3700 [/db_impl/db_impl.cc:463] Shutdown: canceling all background work
2021/12/17-10:50:52.042305 7ff4c20d3700 [/db_impl/db_impl.cc:642] Shutdown complete
