2021/12/17-10:42:29.606785 7ff4c21d4700 RocksDB version: 6.20.3
2021/12/17-10:42:29.606810 7ff4c21d4700 Compile date 2021-05-07 11:24:03
2021/12/17-10:42:29.607996 7ff4c21d4700 DB SUMMARY
2021/12/17-10:42:29.607999 7ff4c21d4700 DB Session ID:  ROTWWHNJ6J7FWRY2PTMN
2021/12/17-10:42:29.608269 7ff4c21d4700 SST files in /home/ubuntu/Documents/hivemq-ce-2021.3/data/persistence/retained_messages/040500_R/retained_messages_0 dir, Total Num: 0, files: 
2021/12/17-10:42:29.608272 7ff4c21d4700 Write Ahead Log file in /home/ubuntu/Documents/hivemq-ce-2021.3/data/persistence/retained_messages/040500_R/retained_messages_0: 
2021/12/17-10:42:29.608274 7ff4c21d4700                         Options.error_if_exists: 0
2021/12/17-10:42:29.608275 7ff4c21d4700                       Options.create_if_missing: 1
2021/12/17-10:42:29.608276 7ff4c21d4700                         Options.paranoid_checks: 1
2021/12/17-10:42:29.608277 7ff4c21d4700                               Options.track_and_verify_wals_in_manifest: 0
2021/12/17-10:42:29.608279 7ff4c21d4700                                     Options.env: 0x7ff4c35b80a0
2021/12/17-10:42:29.608280 7ff4c21d4700                                      Options.fs: Posix File System
2021/12/17-10:42:29.608281 7ff4c21d4700                                Options.info_log: 0x7ff4a011aeb0
2021/12/17-10:42:29.608282 7ff4c21d4700                Options.max_file_opening_threads: 16
2021/12/17-10:42:29.608283 7ff4c21d4700                              Options.statistics: 0x7ff4a0003190
2021/12/17-10:42:29.608284 7ff4c21d4700                               Options.use_fsync: 0
2021/12/17-10:42:29.608286 7ff4c21d4700                       Options.max_log_file_size: 512000
2021/12/17-10:42:29.608287 7ff4c21d4700                  Options.max_manifest_file_size: 1073741824
2021/12/17-10:42:29.608288 7ff4c21d4700                   Options.log_file_time_to_roll: 0
2021/12/17-10:42:29.608289 7ff4c21d4700                       Options.keep_log_file_num: 2
2021/12/17-10:42:29.608289 7ff4c21d4700                    Options.recycle_log_file_num: 0
2021/12/17-10:42:29.608290 7ff4c21d4700                         Options.allow_fallocate: 1
2021/12/17-10:42:29.608291 7ff4c21d4700                        Options.allow_mmap_reads: 0
2021/12/17-10:42:29.608292 7ff4c21d4700                       Options.allow_mmap_writes: 0
2021/12/17-10:42:29.608293 7ff4c21d4700                        Options.use_direct_reads: 0
2021/12/17-10:42:29.608294 7ff4c21d4700                        Options.use_direct_io_for_flush_and_compaction: 0
2021/12/17-10:42:29.608295 7ff4c21d4700          Options.create_missing_column_families: 0
2021/12/17-10:42:29.608296 7ff4c21d4700                              Options.db_log_dir: 
2021/12/17-10:42:29.608297 7ff4c21d4700                                 Options.wal_dir: /home/ubuntu/Documents/hivemq-ce-2021.3/data/persistence/retained_messages/040500_R/retained_messages_0
2021/12/17-10:42:29.608298 7ff4c21d4700                Options.table_cache_numshardbits: 6
2021/12/17-10:42:29.608299 7ff4c21d4700                         Options.WAL_ttl_seconds: 0
2021/12/17-10:42:29.608300 7ff4c21d4700                       Options.WAL_size_limit_MB: 0
2021/12/17-10:42:29.608301 7ff4c21d4700                        Options.max_write_batch_group_size_bytes: 1048576
2021/12/17-10:42:29.608302 7ff4c21d4700             Options.manifest_preallocation_size: 4194304
2021/12/17-10:42:29.608303 7ff4c21d4700                     Options.is_fd_close_on_exec: 1
2021/12/17-10:42:29.608304 7ff4c21d4700                   Options.advise_random_on_open: 1
2021/12/17-10:42:29.608304 7ff4c21d4700                    Options.db_write_buffer_size: 0
2021/12/17-10:42:29.608305 7ff4c21d4700                    Options.write_buffer_manager: 0x7ff4a0107e90
2021/12/17-10:42:29.608306 7ff4c21d4700         Options.access_hint_on_compaction_start: 1
2021/12/17-10:42:29.608307 7ff4c21d4700  Options.new_table_reader_for_compaction_inputs: 0
2021/12/17-10:42:29.608308 7ff4c21d4700           Options.random_access_max_buffer_size: 1048576
2021/12/17-10:42:29.608309 7ff4c21d4700                      Options.use_adaptive_mutex: 0
2021/12/17-10:42:29.608310 7ff4c21d4700                            Options.rate_limiter: (nil)
2021/12/17-10:42:29.608321 7ff4c21d4700     Options.sst_file_manager.rate_bytes_per_sec: 0
2021/12/17-10:42:29.608322 7ff4c21d4700                       Options.wal_recovery_mode: 2
2021/12/17-10:42:29.608323 7ff4c21d4700                  Options.enable_thread_tracking: 0
2021/12/17-10:42:29.608324 7ff4c21d4700                  Options.enable_pipelined_write: 0
2021/12/17-10:42:29.608325 7ff4c21d4700                  Options.unordered_write: 0
2021/12/17-10:42:29.608326 7ff4c21d4700         Options.allow_concurrent_memtable_write: 1
2021/12/17-10:42:29.608327 7ff4c21d4700      Options.enable_write_thread_adaptive_yield: 1
2021/12/17-10:42:29.608328 7ff4c21d4700             Options.write_thread_max_yield_usec: 100
2021/12/17-10:42:29.608329 7ff4c21d4700            Options.write_thread_slow_yield_usec: 3
2021/12/17-10:42:29.608330 7ff4c21d4700                               Options.row_cache: None
2021/12/17-10:42:29.608331 7ff4c21d4700                              Options.wal_filter: None
2021/12/17-10:42:29.608332 7ff4c21d4700             Options.avoid_flush_during_recovery: 0
2021/12/17-10:42:29.608333 7ff4c21d4700             Options.allow_ingest_behind: 0
2021/12/17-10:42:29.608334 7ff4c21d4700             Options.preserve_deletes: 0
2021/12/17-10:42:29.608335 7ff4c21d4700             Options.two_write_queues: 0
2021/12/17-10:42:29.608336 7ff4c21d4700             Options.manual_wal_flush: 0
2021/12/17-10:42:29.608336 7ff4c21d4700             Options.atomic_flush: 0
2021/12/17-10:42:29.608337 7ff4c21d4700             Options.avoid_unnecessary_blocking_io: 0
2021/12/17-10:42:29.608338 7ff4c21d4700                 Options.persist_stats_to_disk: 0
2021/12/17-10:42:29.608339 7ff4c21d4700                 Options.write_dbid_to_manifest: 0
2021/12/17-10:42:29.608340 7ff4c21d4700                 Options.log_readahead_size: 0
2021/12/17-10:42:29.608341 7ff4c21d4700                 Options.file_checksum_gen_factory: Unknown
2021/12/17-10:42:29.608342 7ff4c21d4700                 Options.best_efforts_recovery: 0
2021/12/17-10:42:29.608343 7ff4c21d4700                Options.max_bgerror_resume_count: 2147483647
2021/12/17-10:42:29.608344 7ff4c21d4700            Options.bgerror_resume_retry_interval: 1000000
2021/12/17-10:42:29.608345 7ff4c21d4700             Options.allow_data_in_errors: 0
2021/12/17-10:42:29.608345 7ff4c21d4700             Options.db_host_id: __hostname__
2021/12/17-10:42:29.608346 7ff4c21d4700             Options.max_background_jobs: 2
2021/12/17-10:42:29.608347 7ff4c21d4700             Options.max_background_compactions: -1
2021/12/17-10:42:29.608348 7ff4c21d4700             Options.max_subcompactions: 1
2021/12/17-10:42:29.608349 7ff4c21d4700             Options.avoid_flush_during_shutdown: 0
2021/12/17-10:42:29.608350 7ff4c21d4700           Options.writable_file_max_buffer_size: 1048576
2021/12/17-10:42:29.608351 7ff4c21d4700             Options.delayed_write_rate : 16777216
2021/12/17-10:42:29.608352 7ff4c21d4700             Options.max_total_wal_size: 0
2021/12/17-10:42:29.608353 7ff4c21d4700             Options.delete_obsolete_files_period_micros: 21600000000
2021/12/17-10:42:29.608354 7ff4c21d4700                   Options.stats_dump_period_sec: 0
2021/12/17-10:42:29.608355 7ff4c21d4700                 Options.stats_persist_period_sec: 0
2021/12/17-10:42:29.608356 7ff4c21d4700                 Options.stats_history_buffer_size: 65536
2021/12/17-10:42:29.608357 7ff4c21d4700                          Options.max_open_files: -1
2021/12/17-10:42:29.608358 7ff4c21d4700                          Options.bytes_per_sync: 0
2021/12/17-10:42:29.608359 7ff4c21d4700                      Options.wal_bytes_per_sync: 0
2021/12/17-10:42:29.608360 7ff4c21d4700                   Options.strict_bytes_per_sync: 0
2021/12/17-10:42:29.608361 7ff4c21d4700       Options.compaction_readahead_size: 0
2021/12/17-10:42:29.608362 7ff4c21d4700                  Options.max_background_flushes: -1
2021/12/17-10:42:29.608363 7ff4c21d4700 Compression algorithms supported:
2021/12/17-10:42:29.608369 7ff4c21d4700 	kZSTDNotFinalCompression supported: 1
2021/12/17-10:42:29.608370 7ff4c21d4700 	kZSTD supported: 1
2021/12/17-10:42:29.608371 7ff4c21d4700 	kXpressCompression supported: 0
2021/12/17-10:42:29.608373 7ff4c21d4700 	kLZ4HCCompression supported: 1
2021/12/17-10:42:29.608374 7ff4c21d4700 	kLZ4Compression supported: 1
2021/12/17-10:42:29.608375 7ff4c21d4700 	kBZip2Compression supported: 1
2021/12/17-10:42:29.608376 7ff4c21d4700 	kZlibCompression supported: 1
2021/12/17-10:42:29.608376 7ff4c21d4700 	kSnappyCompression supported: 1
2021/12/17-10:42:29.608378 7ff4c21d4700 Fast CRC32 supported: Not supported on x86
2021/12/17-10:42:29.670479 7ff4c21d4700 [/db_impl/db_impl_open.cc:285] Creating manifest 1 
2021/12/17-10:42:29.712283 7ff4c21d4700 [/version_set.cc:4627] Recovering from manifest file: /home/ubuntu/Documents/hivemq-ce-2021.3/data/persistence/retained_messages/040500_R/retained_messages_0/MANIFEST-000001
2021/12/17-10:42:29.715635 7ff4c21d4700 [/column_family.cc:598] --------------- Options for column family [default]:
2021/12/17-10:42:29.715641 7ff4c21d4700               Options.comparator: leveldb.BytewiseComparator
2021/12/17-10:42:29.715643 7ff4c21d4700           Options.merge_operator: None
2021/12/17-10:42:29.715644 7ff4c21d4700        Options.compaction_filter: None
2021/12/17-10:42:29.715644 7ff4c21d4700        Options.compaction_filter_factory: None
2021/12/17-10:42:29.715646 7ff4c21d4700  Options.sst_partitioner_factory: None
2021/12/17-10:42:29.715647 7ff4c21d4700         Options.memtable_factory: SkipListFactory
2021/12/17-10:42:29.715647 7ff4c21d4700            Options.table_factory: BlockBasedTable
2021/12/17-10:42:29.719469 7ff4c21d4700            table_factory options:   flush_block_policy_factory: FlushBlockBySizePolicyFactory (0x7ff4a006ca20)
  cache_index_and_filter_blocks: 0
  cache_index_and_filter_blocks_with_high_priority: 1
  pin_l0_filter_and_index_blocks_in_cache: 0
  pin_top_level_index_and_filter: 1
  index_type: 0
  data_block_index_type: 0
  index_shortening: 1
  data_block_hash_table_util_ratio: 0.750000
  hash_index_allow_collision: 1
  checksum: 1
  no_block_cache: 0
  block_cache: 0x7ff4a006c9a0
  block_cache_name: LRUCache
  block_cache_options:
    capacity : 128753152
    num_shard_bits : 6
    strict_capacity_limit : 0
    memory_allocator : None
    high_pri_pool_ratio: 0.000
  block_cache_compressed: (nil)
  persistent_cache: (nil)
  block_size: 32768
  block_size_deviation: 10
  block_restart_interval: 16
  index_block_restart_interval: 1
  metadata_block_size: 4096
  partition_filters: 0
  use_delta_encoding: 1
  filter_policy: nullptr
  whole_key_filtering: 1
  verify_compression: 0
  read_amp_bytes_per_bit: 0
  format_version: 5
  enable_index_compression: 1
  block_align: 0
2021/12/17-10:42:29.721062 7ff4c21d4700        Options.write_buffer_size: 4023536
2021/12/17-10:42:29.721064 7ff4c21d4700  Options.max_write_buffer_number: 2
2021/12/17-10:42:29.721066 7ff4c21d4700          Options.compression: Snappy
2021/12/17-10:42:29.721067 7ff4c21d4700                  Options.bottommost_compression: Disabled
2021/12/17-10:42:29.721068 7ff4c21d4700       Options.prefix_extractor: nullptr
2021/12/17-10:42:29.721069 7ff4c21d4700   Options.memtable_insert_with_hint_prefix_extractor: nullptr
2021/12/17-10:42:29.721070 7ff4c21d4700             Options.num_levels: 7
2021/12/17-10:42:29.721071 7ff4c21d4700        Options.min_write_buffer_number_to_merge: 1
2021/12/17-10:42:29.721072 7ff4c21d4700     Options.max_write_buffer_number_to_maintain: 0
2021/12/17-10:42:29.721073 7ff4c21d4700     Options.max_write_buffer_size_to_maintain: 0
2021/12/17-10:42:29.721074 7ff4c21d4700            Options.bottommost_compression_opts.window_bits: -14
2021/12/17-10:42:29.721075 7ff4c21d4700                  Options.bottommost_compression_opts.level: 32767
2021/12/17-10:42:29.721076 7ff4c21d4700               Options.bottommost_compression_opts.strategy: 0
2021/12/17-10:42:29.721076 7ff4c21d4700         Options.bottommost_compression_opts.max_dict_bytes: 0
2021/12/17-10:42:29.721091 7ff4c21d4700         Options.bottommost_compression_opts.zstd_max_train_bytes: 0
2021/12/17-10:42:29.721092 7ff4c21d4700         Options.bottommost_compression_opts.parallel_threads: 1
2021/12/17-10:42:29.721093 7ff4c21d4700                  Options.bottommost_compression_opts.enabled: false
2021/12/17-10:42:29.721094 7ff4c21d4700         Options.bottommost_compression_opts.max_dict_buffer_bytes: 0
2021/12/17-10:42:29.721095 7ff4c21d4700            Options.compression_opts.window_bits: -14
2021/12/17-10:42:29.721096 7ff4c21d4700                  Options.compression_opts.level: 32767
2021/12/17-10:42:29.721097 7ff4c21d4700               Options.compression_opts.strategy: 0
2021/12/17-10:42:29.721098 7ff4c21d4700         Options.compression_opts.max_dict_bytes: 0
2021/12/17-10:42:29.721099 7ff4c21d4700         Options.compression_opts.zstd_max_train_bytes: 0
2021/12/17-10:42:29.721100 7ff4c21d4700         Options.compression_opts.parallel_threads: 1
2021/12/17-10:42:29.721101 7ff4c21d4700                  Options.compression_opts.enabled: false
2021/12/17-10:42:29.721102 7ff4c21d4700         Options.compression_opts.max_dict_buffer_bytes: 0
2021/12/17-10:42:29.721103 7ff4c21d4700      Options.level0_file_num_compaction_trigger: 4
2021/12/17-10:42:29.721103 7ff4c21d4700          Options.level0_slowdown_writes_trigger: 20
2021/12/17-10:42:29.721104 7ff4c21d4700              Options.level0_stop_writes_trigger: 36
2021/12/17-10:42:29.721105 7ff4c21d4700                   Options.target_file_size_base: 67108864
2021/12/17-10:42:29.721106 7ff4c21d4700             Options.target_file_size_multiplier: 1
2021/12/17-10:42:29.721107 7ff4c21d4700                Options.max_bytes_for_level_base: 268435456
2021/12/17-10:42:29.721108 7ff4c21d4700 Options.level_compaction_dynamic_level_bytes: 0
2021/12/17-10:42:29.721110 7ff4c21d4700          Options.max_bytes_for_level_multiplier: 10.000000
2021/12/17-10:42:29.721111 7ff4c21d4700 Options.max_bytes_for_level_multiplier_addtl[0]: 1
2021/12/17-10:42:29.721112 7ff4c21d4700 Options.max_bytes_for_level_multiplier_addtl[1]: 1
2021/12/17-10:42:29.721113 7ff4c21d4700 Options.max_bytes_for_level_multiplier_addtl[2]: 1
2021/12/17-10:42:29.721114 7ff4c21d4700 Options.max_bytes_for_level_multiplier_addtl[3]: 1
2021/12/17-10:42:29.721115 7ff4c21d4700 Options.max_bytes_for_level_multiplier_addtl[4]: 1
2021/12/17-10:42:29.721116 7ff4c21d4700 Options.max_bytes_for_level_multiplier_addtl[5]: 1
2021/12/17-10:42:29.721117 7ff4c21d4700 Options.max_bytes_for_level_multiplier_addtl[6]: 1
2021/12/17-10:42:29.721118 7ff4c21d4700       Options.max_sequential_skip_in_iterations: 8
2021/12/17-10:42:29.721119 7ff4c21d4700                    Options.max_compaction_bytes: 1677721600
2021/12/17-10:42:29.721120 7ff4c21d4700                        Options.arena_block_size: 503808
2021/12/17-10:42:29.721121 7ff4c21d4700   Options.soft_pending_compaction_bytes_limit: 68719476736
2021/12/17-10:42:29.721122 7ff4c21d4700   Options.hard_pending_compaction_bytes_limit: 274877906944
2021/12/17-10:42:29.721123 7ff4c21d4700       Options.rate_limit_delay_max_milliseconds: 100
2021/12/17-10:42:29.721124 7ff4c21d4700                Options.disable_auto_compactions: 0
2021/12/17-10:42:29.721125 7ff4c21d4700                        Options.compaction_style: kCompactionStyleLevel
2021/12/17-10:42:29.721126 7ff4c21d4700                          Options.compaction_pri: kMinOverlappingRatio
2021/12/17-10:42:29.721127 7ff4c21d4700 Options.compaction_options_universal.size_ratio: 1
2021/12/17-10:42:29.721128 7ff4c21d4700 Options.compaction_options_universal.min_merge_width: 2
2021/12/17-10:42:29.721129 7ff4c21d4700 Options.compaction_options_universal.max_merge_width: 4294967295
2021/12/17-10:42:29.721130 7ff4c21d4700 Options.compaction_options_universal.max_size_amplification_percent: 200
2021/12/17-10:42:29.721131 7ff4c21d4700 Options.compaction_options_universal.compression_size_percent: -1
2021/12/17-10:42:29.721132 7ff4c21d4700 Options.compaction_options_universal.stop_style: kCompactionStopStyleTotalSize
2021/12/17-10:42:29.721140 7ff4c21d4700 Options.compaction_options_fifo.max_table_files_size: 1073741824
2021/12/17-10:42:29.721141 7ff4c21d4700 Options.compaction_options_fifo.allow_compaction: 0
2021/12/17-10:42:29.721145 7ff4c21d4700                   Options.table_properties_collectors: 
2021/12/17-10:42:29.721146 7ff4c21d4700                   Options.inplace_update_support: 0
2021/12/17-10:42:29.721147 7ff4c21d4700                 Options.inplace_update_num_locks: 10000
2021/12/17-10:42:29.721148 7ff4c21d4700               Options.memtable_prefix_bloom_size_ratio: 0.000000
2021/12/17-10:42:29.721149 7ff4c21d4700               Options.memtable_whole_key_filtering: 0
2021/12/17-10:42:29.721150 7ff4c21d4700   Options.memtable_huge_page_size: 0
2021/12/17-10:42:29.721151 7ff4c21d4700                           Options.bloom_locality: 0
2021/12/17-10:42:29.721151 7ff4c21d4700                    Options.max_successive_merges: 0
2021/12/17-10:42:29.721152 7ff4c21d4700                Options.optimize_filters_for_hits: 0
2021/12/17-10:42:29.721153 7ff4c21d4700                Options.paranoid_file_checks: 0
2021/12/17-10:42:29.721154 7ff4c21d4700                Options.force_consistency_checks: 1
2021/12/17-10:42:29.721155 7ff4c21d4700                Options.report_bg_io_stats: 0
2021/12/17-10:42:29.721156 7ff4c21d4700                               Options.ttl: 2592000
2021/12/17-10:42:29.721157 7ff4c21d4700          Options.periodic_compaction_seconds: 0
2021/12/17-10:42:29.721158 7ff4c21d4700                    Options.enable_blob_files: false
2021/12/17-10:42:29.721158 7ff4c21d4700                        Options.min_blob_size: 0
2021/12/17-10:42:29.721159 7ff4c21d4700                       Options.blob_file_size: 268435456
2021/12/17-10:42:29.721160 7ff4c21d4700                Options.blob_compression_type: NoCompression
2021/12/17-10:42:29.721161 7ff4c21d4700       Options.enable_blob_garbage_collection: false
2021/12/17-10:42:29.721162 7ff4c21d4700   Options.blob_garbage_collection_age_cutoff: 0.250000
2021/12/17-10:42:29.738960 7ff4c21d4700 [/version_set.cc:4675] Recovered from manifest file:/home/ubuntu/Documents/hivemq-ce-2021.3/data/persistence/retained_messages/040500_R/retained_messages_0/MANIFEST-000001 succeeded,manifest_file_number is 1, next_file_number is 3, last_sequence is 0, log_number is 0,prev_log_number is 0,max_column_family is 0,min_log_number_to_keep is 0
2021/12/17-10:42:29.738966 7ff4c21d4700 [/version_set.cc:4684] Column family [default] (ID 0), log number is 0
2021/12/17-10:42:29.739197 7ff4c21d4700 [/version_set.cc:4119] Creating manifest 4
2021/12/17-10:42:29.879613 7ff4c21d4700 [/db_impl/db_impl_open.cc:1757] SstFileManager instance 0x7ff4a0107ed0
2021/12/17-10:42:29.879630 7ff4c21d4700 DB pointer 0x7ff4a0108320
2021/12/17-10:50:52.360851 7ff4c1bce700 [/db_impl/db_impl.cc:463] Shutdown: canceling all background work
2021/12/17-10:50:52.363181 7ff4c1bce700 [/db_impl/db_impl.cc:642] Shutdown complete
