2021/12/17-10:42:30.186668 7ff4c1acd700 RocksDB version: 6.20.3
2021/12/17-10:42:30.186696 7ff4c1acd700 Compile date 2021-05-07 11:24:03
2021/12/17-10:42:30.186729 7ff4c1acd700 DB SUMMARY
2021/12/17-10:42:30.186730 7ff4c1acd700 DB Session ID:  I7XH0J1W9PY5VSD42ZN3
2021/12/17-10:42:30.186742 7ff4c1acd700 SST files in /home/ubuntu/Documents/hivemq-ce-2021.3/data/persistence/retained_messages/040500_R/retained_messages_33 dir, Total Num: 0, files: 
2021/12/17-10:42:30.186744 7ff4c1acd700 Write Ahead Log file in /home/ubuntu/Documents/hivemq-ce-2021.3/data/persistence/retained_messages/040500_R/retained_messages_33: 
2021/12/17-10:42:30.186746 7ff4c1acd700                         Options.error_if_exists: 0
2021/12/17-10:42:30.186746 7ff4c1acd700                       Options.create_if_missing: 1
2021/12/17-10:42:30.186747 7ff4c1acd700                         Options.paranoid_checks: 1
2021/12/17-10:42:30.186748 7ff4c1acd700                               Options.track_and_verify_wals_in_manifest: 0
2021/12/17-10:42:30.186749 7ff4c1acd700                                     Options.env: 0x7ff4c35b80a0
2021/12/17-10:42:30.186750 7ff4c1acd700                                      Options.fs: Posix File System
2021/12/17-10:42:30.186751 7ff4c1acd700                                Options.info_log: 0x7ff4b4177d80
2021/12/17-10:42:30.186752 7ff4c1acd700                Options.max_file_opening_threads: 16
2021/12/17-10:42:30.186753 7ff4c1acd700                              Options.statistics: 0x7ff4a0003190
2021/12/17-10:42:30.186754 7ff4c1acd700                               Options.use_fsync: 0
2021/12/17-10:42:30.186770 7ff4c1acd700                       Options.max_log_file_size: 512000
2021/12/17-10:42:30.186771 7ff4c1acd700                  Options.max_manifest_file_size: 1073741824
2021/12/17-10:42:30.186772 7ff4c1acd700                   Options.log_file_time_to_roll: 0
2021/12/17-10:42:30.186773 7ff4c1acd700                       Options.keep_log_file_num: 2
2021/12/17-10:42:30.186774 7ff4c1acd700                    Options.recycle_log_file_num: 0
2021/12/17-10:42:30.186775 7ff4c1acd700                         Options.allow_fallocate: 1
2021/12/17-10:42:30.186776 7ff4c1acd700                        Options.allow_mmap_reads: 0
2021/12/17-10:42:30.186777 7ff4c1acd700                       Options.allow_mmap_writes: 0
2021/12/17-10:42:30.186778 7ff4c1acd700                        Options.use_direct_reads: 0
2021/12/17-10:42:30.186779 7ff4c1acd700                        Options.use_direct_io_for_flush_and_compaction: 0
2021/12/17-10:42:30.186780 7ff4c1acd700          Options.create_missing_column_families: 0
2021/12/17-10:42:30.186781 7ff4c1acd700                              Options.db_log_dir: 
2021/12/17-10:42:30.186782 7ff4c1acd700                                 Options.wal_dir: /home/ubuntu/Documents/hivemq-ce-2021.3/data/persistence/retained_messages/040500_R/retained_messages_33
2021/12/17-10:42:30.186783 7ff4c1acd700                Options.table_cache_numshardbits: 6
2021/12/17-10:42:30.186784 7ff4c1acd700                         Options.WAL_ttl_seconds: 0
2021/12/17-10:42:30.186785 7ff4c1acd700                       Options.WAL_size_limit_MB: 0
2021/12/17-10:42:30.186786 7ff4c1acd700                        Options.max_write_batch_group_size_bytes: 1048576
2021/12/17-10:42:30.186787 7ff4c1acd700             Options.manifest_preallocation_size: 4194304
2021/12/17-10:42:30.186788 7ff4c1acd700                     Options.is_fd_close_on_exec: 1
2021/12/17-10:42:30.186789 7ff4c1acd700                   Options.advise_random_on_open: 1
2021/12/17-10:42:30.186790 7ff4c1acd700                    Options.db_write_buffer_size: 0
2021/12/17-10:42:30.186791 7ff4c1acd700                    Options.write_buffer_manager: 0x7ff4b41ab440
2021/12/17-10:42:30.186791 7ff4c1acd700         Options.access_hint_on_compaction_start: 1
2021/12/17-10:42:30.186792 7ff4c1acd700  Options.new_table_reader_for_compaction_inputs: 0
2021/12/17-10:42:30.186793 7ff4c1acd700           Options.random_access_max_buffer_size: 1048576
2021/12/17-10:42:30.186794 7ff4c1acd700                      Options.use_adaptive_mutex: 0
2021/12/17-10:42:30.186807 7ff4c1acd700                            Options.rate_limiter: (nil)
2021/12/17-10:42:30.186809 7ff4c1acd700     Options.sst_file_manager.rate_bytes_per_sec: 0
2021/12/17-10:42:30.186810 7ff4c1acd700                       Options.wal_recovery_mode: 2
2021/12/17-10:42:30.186811 7ff4c1acd700                  Options.enable_thread_tracking: 0
2021/12/17-10:42:30.186811 7ff4c1acd700                  Options.enable_pipelined_write: 0
2021/12/17-10:42:30.186812 7ff4c1acd700                  Options.unordered_write: 0
2021/12/17-10:42:30.186813 7ff4c1acd700         Options.allow_concurrent_memtable_write: 1
2021/12/17-10:42:30.186814 7ff4c1acd700      Options.enable_write_thread_adaptive_yield: 1
2021/12/17-10:42:30.186815 7ff4c1acd700             Options.write_thread_max_yield_usec: 100
2021/12/17-10:42:30.186816 7ff4c1acd700            Options.write_thread_slow_yield_usec: 3
2021/12/17-10:42:30.186816 7ff4c1acd700                               Options.row_cache: None
2021/12/17-10:42:30.186817 7ff4c1acd700                              Options.wal_filter: None
2021/12/17-10:42:30.186818 7ff4c1acd700             Options.avoid_flush_during_recovery: 0
2021/12/17-10:42:30.186819 7ff4c1acd700             Options.allow_ingest_behind: 0
2021/12/17-10:42:30.186820 7ff4c1acd700             Options.preserve_deletes: 0
2021/12/17-10:42:30.186821 7ff4c1acd700             Options.two_write_queues: 0
2021/12/17-10:42:30.186822 7ff4c1acd700             Options.manual_wal_flush: 0
2021/12/17-10:42:30.186822 7ff4c1acd700             Options.atomic_flush: 0
2021/12/17-10:42:30.186823 7ff4c1acd700             Options.avoid_unnecessary_blocking_io: 0
2021/12/17-10:42:30.186824 7ff4c1acd700                 Options.persist_stats_to_disk: 0
2021/12/17-10:42:30.186825 7ff4c1acd700                 Options.write_dbid_to_manifest: 0
2021/12/17-10:42:30.186826 7ff4c1acd700                 Options.log_readahead_size: 0
2021/12/17-10:42:30.186827 7ff4c1acd700                 Options.file_checksum_gen_factory: Unknown
2021/12/17-10:42:30.186828 7ff4c1acd700                 Options.best_efforts_recovery: 0
2021/12/17-10:42:30.186829 7ff4c1acd700                Options.max_bgerror_resume_count: 2147483647
2021/12/17-10:42:30.186830 7ff4c1acd700            Options.bgerror_resume_retry_interval: 1000000
2021/12/17-10:42:30.186831 7ff4c1acd700             Options.allow_data_in_errors: 0
2021/12/17-10:42:30.186832 7ff4c1acd700             Options.db_host_id: __hostname__
2021/12/17-10:42:30.186833 7ff4c1acd700             Options.max_background_jobs: 2
2021/12/17-10:42:30.186834 7ff4c1acd700             Options.max_background_compactions: -1
2021/12/17-10:42:30.186835 7ff4c1acd700             Options.max_subcompactions: 1
2021/12/17-10:42:30.186836 7ff4c1acd700             Options.avoid_flush_during_shutdown: 0
2021/12/17-10:42:30.186837 7ff4c1acd700           Options.writable_file_max_buffer_size: 1048576
2021/12/17-10:42:30.186838 7ff4c1acd700             Options.delayed_write_rate : 16777216
2021/12/17-10:42:30.186839 7ff4c1acd700             Options.max_total_wal_size: 0
2021/12/17-10:42:30.186840 7ff4c1acd700             Options.delete_obsolete_files_period_micros: 21600000000
2021/12/17-10:42:30.186841 7ff4c1acd700                   Options.stats_dump_period_sec: 0
2021/12/17-10:42:30.186842 7ff4c1acd700                 Options.stats_persist_period_sec: 0
2021/12/17-10:42:30.186843 7ff4c1acd700                 Options.stats_history_buffer_size: 65536
2021/12/17-10:42:30.186843 7ff4c1acd700                          Options.max_open_files: -1
2021/12/17-10:42:30.186844 7ff4c1acd700                          Options.bytes_per_sync: 0
2021/12/17-10:42:30.186845 7ff4c1acd700                      Options.wal_bytes_per_sync: 0
2021/12/17-10:42:30.186846 7ff4c1acd700                   Options.strict_bytes_per_sync: 0
2021/12/17-10:42:30.186847 7ff4c1acd700       Options.compaction_readahead_size: 0
2021/12/17-10:42:30.186848 7ff4c1acd700                  Options.max_background_flushes: -1
2021/12/17-10:42:30.186849 7ff4c1acd700 Compression algorithms supported:
2021/12/17-10:42:30.186855 7ff4c1acd700 	kZSTDNotFinalCompression supported: 1
2021/12/17-10:42:30.186856 7ff4c1acd700 	kZSTD supported: 1
2021/12/17-10:42:30.186857 7ff4c1acd700 	kXpressCompression supported: 0
2021/12/17-10:42:30.186858 7ff4c1acd700 	kLZ4HCCompression supported: 1
2021/12/17-10:42:30.186859 7ff4c1acd700 	kLZ4Compression supported: 1
2021/12/17-10:42:30.186860 7ff4c1acd700 	kBZip2Compression supported: 1
2021/12/17-10:42:30.186861 7ff4c1acd700 	kZlibCompression supported: 1
2021/12/17-10:42:30.186862 7ff4c1acd700 	kSnappyCompression supported: 1
2021/12/17-10:42:30.186863 7ff4c1acd700 Fast CRC32 supported: Not supported on x86
2021/12/17-10:42:30.195372 7ff4c1acd700 [/db_impl/db_impl_open.cc:285] Creating manifest 1 
2021/12/17-10:42:30.260403 7ff4c1acd700 [/version_set.cc:4627] Recovering from manifest file: /home/ubuntu/Documents/hivemq-ce-2021.3/data/persistence/retained_messages/040500_R/retained_messages_33/MANIFEST-000001
2021/12/17-10:42:30.261791 7ff4c1acd700 [/column_family.cc:598] --------------- Options for column family [default]:
2021/12/17-10:42:30.261796 7ff4c1acd700               Options.comparator: leveldb.BytewiseComparator
2021/12/17-10:42:30.261797 7ff4c1acd700           Options.merge_operator: None
2021/12/17-10:42:30.261798 7ff4c1acd700        Options.compaction_filter: None
2021/12/17-10:42:30.261799 7ff4c1acd700        Options.compaction_filter_factory: None
2021/12/17-10:42:30.261800 7ff4c1acd700  Options.sst_partitioner_factory: None
2021/12/17-10:42:30.261801 7ff4c1acd700         Options.memtable_factory: SkipListFactory
2021/12/17-10:42:30.261802 7ff4c1acd700            Options.table_factory: BlockBasedTable
2021/12/17-10:42:30.261822 7ff4c1acd700            table_factory options:   flush_block_policy_factory: FlushBlockBySizePolicyFactory (0x7ff4a006ca20)
  cache_index_and_filter_blocks: 0
  cache_index_and_filter_blocks_with_high_priority: 1
  pin_l0_filter_and_index_blocks_in_cache: 0
  pin_top_level_index_and_filter: 1
  index_type: 0
  data_block_index_type: 0
  index_shortening: 1
  data_block_hash_table_util_ratio: 0.750000
  hash_index_allow_collision: 1
  checksum: 1
  no_block_cache: 0
  block_cache: 0x7ff4a006c9a0
  block_cache_name: LRUCache
  block_cache_options:
    capacity : 128753152
    num_shard_bits : 6
    strict_capacity_limit : 0
    memory_allocator : None
    high_pri_pool_ratio: 0.000
  block_cache_compressed: (nil)
  persistent_cache: (nil)
  block_size: 32768
  block_size_deviation: 10
  block_restart_interval: 16
  index_block_restart_interval: 1
  metadata_block_size: 4096
  partition_filters: 0
  use_delta_encoding: 1
  filter_policy: nullptr
  whole_key_filtering: 1
  verify_compression: 0
  read_amp_bytes_per_bit: 0
  format_version: 5
  enable_index_compression: 1
  block_align: 0
2021/12/17-10:42:30.261824 7ff4c1acd700        Options.write_buffer_size: 4023536
2021/12/17-10:42:30.261825 7ff4c1acd700  Options.max_write_buffer_number: 2
2021/12/17-10:42:30.261826 7ff4c1acd700          Options.compression: Snappy
2021/12/17-10:42:30.261827 7ff4c1acd700                  Options.bottommost_compression: Disabled
2021/12/17-10:42:30.261827 7ff4c1acd700       Options.prefix_extractor: nullptr
2021/12/17-10:42:30.261828 7ff4c1acd700   Options.memtable_insert_with_hint_prefix_extractor: nullptr
2021/12/17-10:42:30.261829 7ff4c1acd700             Options.num_levels: 7
2021/12/17-10:42:30.261830 7ff4c1acd700        Options.min_write_buffer_number_to_merge: 1
2021/12/17-10:42:30.261831 7ff4c1acd700     Options.max_write_buffer_number_to_maintain: 0
2021/12/17-10:42:30.261832 7ff4c1acd700     Options.max_write_buffer_size_to_maintain: 0
2021/12/17-10:42:30.261832 7ff4c1acd700            Options.bottommost_compression_opts.window_bits: -14
2021/12/17-10:42:30.261833 7ff4c1acd700                  Options.bottommost_compression_opts.level: 32767
2021/12/17-10:42:30.261834 7ff4c1acd700               Options.bottommost_compression_opts.strategy: 0
2021/12/17-10:42:30.261835 7ff4c1acd700         Options.bottommost_compression_opts.max_dict_bytes: 0
2021/12/17-10:42:30.262120 7ff4c1acd700         Options.bottommost_compression_opts.zstd_max_train_bytes: 0
2021/12/17-10:42:30.262123 7ff4c1acd700         Options.bottommost_compression_opts.parallel_threads: 1
2021/12/17-10:42:30.262124 7ff4c1acd700                  Options.bottommost_compression_opts.enabled: false
2021/12/17-10:42:30.262125 7ff4c1acd700         Options.bottommost_compression_opts.max_dict_buffer_bytes: 0
2021/12/17-10:42:30.262126 7ff4c1acd700            Options.compression_opts.window_bits: -14
2021/12/17-10:42:30.262127 7ff4c1acd700                  Options.compression_opts.level: 32767
2021/12/17-10:42:30.262128 7ff4c1acd700               Options.compression_opts.strategy: 0
2021/12/17-10:42:30.262129 7ff4c1acd700         Options.compression_opts.max_dict_bytes: 0
2021/12/17-10:42:30.262130 7ff4c1acd700         Options.compression_opts.zstd_max_train_bytes: 0
2021/12/17-10:42:30.262131 7ff4c1acd700         Options.compression_opts.parallel_threads: 1
2021/12/17-10:42:30.262131 7ff4c1acd700                  Options.compression_opts.enabled: false
2021/12/17-10:42:30.262132 7ff4c1acd700         Options.compression_opts.max_dict_buffer_bytes: 0
2021/12/17-10:42:30.262133 7ff4c1acd700      Options.level0_file_num_compaction_trigger: 4
2021/12/17-10:42:30.262135 7ff4c1acd700          Options.level0_slowdown_writes_trigger: 20
2021/12/17-10:42:30.262136 7ff4c1acd700              Options.level0_stop_writes_trigger: 36
2021/12/17-10:42:30.262137 7ff4c1acd700                   Options.target_file_size_base: 67108864
2021/12/17-10:42:30.262138 7ff4c1acd700             Options.target_file_size_multiplier: 1
2021/12/17-10:42:30.262138 7ff4c1acd700                Options.max_bytes_for_level_base: 268435456
2021/12/17-10:42:30.262139 7ff4c1acd700 Options.level_compaction_dynamic_level_bytes: 0
2021/12/17-10:42:30.262142 7ff4c1acd700          Options.max_bytes_for_level_multiplier: 10.000000
2021/12/17-10:42:30.262143 7ff4c1acd700 Options.max_bytes_for_level_multiplier_addtl[0]: 1
2021/12/17-10:42:30.262144 7ff4c1acd700 Options.max_bytes_for_level_multiplier_addtl[1]: 1
2021/12/17-10:42:30.262145 7ff4c1acd700 Options.max_bytes_for_level_multiplier_addtl[2]: 1
2021/12/17-10:42:30.262146 7ff4c1acd700 Options.max_bytes_for_level_multiplier_addtl[3]: 1
2021/12/17-10:42:30.262147 7ff4c1acd700 Options.max_bytes_for_level_multiplier_addtl[4]: 1
2021/12/17-10:42:30.262148 7ff4c1acd700 Options.max_bytes_for_level_multiplier_addtl[5]: 1
2021/12/17-10:42:30.262149 7ff4c1acd700 Options.max_bytes_for_level_multiplier_addtl[6]: 1
2021/12/17-10:42:30.262150 7ff4c1acd700       Options.max_sequential_skip_in_iterations: 8
2021/12/17-10:42:30.262151 7ff4c1acd700                    Options.max_compaction_bytes: 1677721600
2021/12/17-10:42:30.262152 7ff4c1acd700                        Options.arena_block_size: 503808
2021/12/17-10:42:30.262153 7ff4c1acd700   Options.soft_pending_compaction_bytes_limit: 68719476736
2021/12/17-10:42:30.262154 7ff4c1acd700   Options.hard_pending_compaction_bytes_limit: 274877906944
2021/12/17-10:42:30.262155 7ff4c1acd700       Options.rate_limit_delay_max_milliseconds: 100
2021/12/17-10:42:30.262156 7ff4c1acd700                Options.disable_auto_compactions: 0
2021/12/17-10:42:30.262158 7ff4c1acd700                        Options.compaction_style: kCompactionStyleLevel
2021/12/17-10:42:30.262159 7ff4c1acd700                          Options.compaction_pri: kMinOverlappingRatio
2021/12/17-10:42:30.262160 7ff4c1acd700 Options.compaction_options_universal.size_ratio: 1
2021/12/17-10:42:30.262160 7ff4c1acd700 Options.compaction_options_universal.min_merge_width: 2
2021/12/17-10:42:30.262161 7ff4c1acd700 Options.compaction_options_universal.max_merge_width: 4294967295
2021/12/17-10:42:30.262162 7ff4c1acd700 Options.compaction_options_universal.max_size_amplification_percent: 200
2021/12/17-10:42:30.262163 7ff4c1acd700 Options.compaction_options_universal.compression_size_percent: -1
2021/12/17-10:42:30.262165 7ff4c1acd700 Options.compaction_options_universal.stop_style: kCompactionStopStyleTotalSize
2021/12/17-10:42:30.262172 7ff4c1acd700 Options.compaction_options_fifo.max_table_files_size: 1073741824
2021/12/17-10:42:30.262173 7ff4c1acd700 Options.compaction_options_fifo.allow_compaction: 0
2021/12/17-10:42:30.262179 7ff4c1acd700                   Options.table_properties_collectors: 
2021/12/17-10:42:30.262180 7ff4c1acd700                   Options.inplace_update_support: 0
2021/12/17-10:42:30.262181 7ff4c1acd700                 Options.inplace_update_num_locks: 10000
2021/12/17-10:42:30.262183 7ff4c1acd700               Options.memtable_prefix_bloom_size_ratio: 0.000000
2021/12/17-10:42:30.262184 7ff4c1acd700               Options.memtable_whole_key_filtering: 0
2021/12/17-10:42:30.262185 7ff4c1acd700   Options.memtable_huge_page_size: 0
2021/12/17-10:42:30.262185 7ff4c1acd700                           Options.bloom_locality: 0
2021/12/17-10:42:30.262186 7ff4c1acd700                    Options.max_successive_merges: 0
2021/12/17-10:42:30.262187 7ff4c1acd700                Options.optimize_filters_for_hits: 0
2021/12/17-10:42:30.262188 7ff4c1acd700                Options.paranoid_file_checks: 0
2021/12/17-10:42:30.262189 7ff4c1acd700                Options.force_consistency_checks: 1
2021/12/17-10:42:30.262190 7ff4c1acd700                Options.report_bg_io_stats: 0
2021/12/17-10:42:30.262190 7ff4c1acd700                               Options.ttl: 2592000
2021/12/17-10:42:30.262191 7ff4c1acd700          Options.periodic_compaction_seconds: 0
2021/12/17-10:42:30.262192 7ff4c1acd700                    Options.enable_blob_files: false
2021/12/17-10:42:30.262193 7ff4c1acd700                        Options.min_blob_size: 0
2021/12/17-10:42:30.262194 7ff4c1acd700                       Options.blob_file_size: 268435456
2021/12/17-10:42:30.262195 7ff4c1acd700                Options.blob_compression_type: NoCompression
2021/12/17-10:42:30.262196 7ff4c1acd700       Options.enable_blob_garbage_collection: false
2021/12/17-10:42:30.262197 7ff4c1acd700   Options.blob_garbage_collection_age_cutoff: 0.250000
2021/12/17-10:42:30.270706 7ff4c1acd700 [/version_set.cc:4675] Recovered from manifest file:/home/ubuntu/Documents/hivemq-ce-2021.3/data/persistence/retained_messages/040500_R/retained_messages_33/MANIFEST-000001 succeeded,manifest_file_number is 1, next_file_number is 3, last_sequence is 0, log_number is 0,prev_log_number is 0,max_column_family is 0,min_log_number_to_keep is 0
2021/12/17-10:42:30.270710 7ff4c1acd700 [/version_set.cc:4684] Column family [default] (ID 0), log number is 0
2021/12/17-10:42:30.270800 7ff4c1acd700 [/version_set.cc:4119] Creating manifest 4
2021/12/17-10:42:30.421688 7ff4c1acd700 [/db_impl/db_impl_open.cc:1757] SstFileManager instance 0x7ff4b41633d0
2021/12/17-10:42:30.421707 7ff4c1acd700 DB pointer 0x7ff4b4163e40
2021/12/17-10:50:52.431900 7ff4c1ccf700 [/db_impl/db_impl.cc:463] Shutdown: canceling all background work
2021/12/17-10:50:52.433467 7ff4c1ccf700 [/db_impl/db_impl.cc:642] Shutdown complete
