2021/12/17-10:42:29.591322 7ff4c19cc700 RocksDB version: 6.20.3
2021/12/17-10:42:29.591356 7ff4c19cc700 Compile date 2021-05-07 11:24:03
2021/12/17-10:42:29.594178 7ff4c19cc700 DB SUMMARY
2021/12/17-10:42:29.594180 7ff4c19cc700 DB Session ID:  R8B1P3TBJN8GV1M45GC8
2021/12/17-10:42:29.594194 7ff4c19cc700 SST files in /home/ubuntu/Documents/hivemq-ce-2021.3/data/persistence/publish_payload_store/040500_R/publish_payload_store_60 dir, Total Num: 0, files: 
2021/12/17-10:42:29.594195 7ff4c19cc700 Write Ahead Log file in /home/ubuntu/Documents/hivemq-ce-2021.3/data/persistence/publish_payload_store/040500_R/publish_payload_store_60: 
2021/12/17-10:42:29.594197 7ff4c19cc700                         Options.error_if_exists: 0
2021/12/17-10:42:29.594198 7ff4c19cc700                       Options.create_if_missing: 1
2021/12/17-10:42:29.594199 7ff4c19cc700                         Options.paranoid_checks: 1
2021/12/17-10:42:29.594200 7ff4c19cc700                               Options.track_and_verify_wals_in_manifest: 0
2021/12/17-10:42:29.594201 7ff4c19cc700                                     Options.env: 0x7ff4c35b80a0
2021/12/17-10:42:29.594203 7ff4c19cc700                                      Options.fs: Posix File System
2021/12/17-10:42:29.594203 7ff4c19cc700                                Options.info_log: 0x7ff4bc0a9b20
2021/12/17-10:42:29.594204 7ff4c19cc700                Options.max_file_opening_threads: 16
2021/12/17-10:42:29.594205 7ff4c19cc700                              Options.statistics: 0x7ff4ac004d30
2021/12/17-10:42:29.594206 7ff4c19cc700                               Options.use_fsync: 0
2021/12/17-10:42:29.594207 7ff4c19cc700                       Options.max_log_file_size: 512000
2021/12/17-10:42:29.594208 7ff4c19cc700                  Options.max_manifest_file_size: 1073741824
2021/12/17-10:42:29.594209 7ff4c19cc700                   Options.log_file_time_to_roll: 0
2021/12/17-10:42:29.594210 7ff4c19cc700                       Options.keep_log_file_num: 2
2021/12/17-10:42:29.594211 7ff4c19cc700                    Options.recycle_log_file_num: 0
2021/12/17-10:42:29.594211 7ff4c19cc700                         Options.allow_fallocate: 1
2021/12/17-10:42:29.594212 7ff4c19cc700                        Options.allow_mmap_reads: 0
2021/12/17-10:42:29.594213 7ff4c19cc700                       Options.allow_mmap_writes: 0
2021/12/17-10:42:29.594214 7ff4c19cc700                        Options.use_direct_reads: 0
2021/12/17-10:42:29.594215 7ff4c19cc700                        Options.use_direct_io_for_flush_and_compaction: 0
2021/12/17-10:42:29.594215 7ff4c19cc700          Options.create_missing_column_families: 0
2021/12/17-10:42:29.594216 7ff4c19cc700                              Options.db_log_dir: 
2021/12/17-10:42:29.594217 7ff4c19cc700                                 Options.wal_dir: /home/ubuntu/Documents/hivemq-ce-2021.3/data/persistence/publish_payload_store/040500_R/publish_payload_store_60
2021/12/17-10:42:29.594218 7ff4c19cc700                Options.table_cache_numshardbits: 6
2021/12/17-10:42:29.594219 7ff4c19cc700                         Options.WAL_ttl_seconds: 0
2021/12/17-10:42:29.594220 7ff4c19cc700                       Options.WAL_size_limit_MB: 0
2021/12/17-10:42:29.594221 7ff4c19cc700                        Options.max_write_batch_group_size_bytes: 1048576
2021/12/17-10:42:29.594221 7ff4c19cc700             Options.manifest_preallocation_size: 4194304
2021/12/17-10:42:29.594222 7ff4c19cc700                     Options.is_fd_close_on_exec: 1
2021/12/17-10:42:29.594223 7ff4c19cc700                   Options.advise_random_on_open: 1
2021/12/17-10:42:29.594224 7ff4c19cc700                    Options.db_write_buffer_size: 0
2021/12/17-10:42:29.594225 7ff4c19cc700                    Options.write_buffer_manager: 0x7ff4bc16c750
2021/12/17-10:42:29.594226 7ff4c19cc700         Options.access_hint_on_compaction_start: 1
2021/12/17-10:42:29.594226 7ff4c19cc700  Options.new_table_reader_for_compaction_inputs: 0
2021/12/17-10:42:29.594227 7ff4c19cc700           Options.random_access_max_buffer_size: 1048576
2021/12/17-10:42:29.594228 7ff4c19cc700                      Options.use_adaptive_mutex: 0
2021/12/17-10:42:29.594239 7ff4c19cc700                            Options.rate_limiter: (nil)
2021/12/17-10:42:29.594240 7ff4c19cc700     Options.sst_file_manager.rate_bytes_per_sec: 0
2021/12/17-10:42:29.594241 7ff4c19cc700                       Options.wal_recovery_mode: 2
2021/12/17-10:42:29.594241 7ff4c19cc700                  Options.enable_thread_tracking: 0
2021/12/17-10:42:29.594242 7ff4c19cc700                  Options.enable_pipelined_write: 0
2021/12/17-10:42:29.594243 7ff4c19cc700                  Options.unordered_write: 0
2021/12/17-10:42:29.594244 7ff4c19cc700         Options.allow_concurrent_memtable_write: 1
2021/12/17-10:42:29.594245 7ff4c19cc700      Options.enable_write_thread_adaptive_yield: 1
2021/12/17-10:42:29.594245 7ff4c19cc700             Options.write_thread_max_yield_usec: 100
2021/12/17-10:42:29.594246 7ff4c19cc700            Options.write_thread_slow_yield_usec: 3
2021/12/17-10:42:29.594247 7ff4c19cc700                               Options.row_cache: None
2021/12/17-10:42:29.594248 7ff4c19cc700                              Options.wal_filter: None
2021/12/17-10:42:29.594249 7ff4c19cc700             Options.avoid_flush_during_recovery: 0
2021/12/17-10:42:29.594249 7ff4c19cc700             Options.allow_ingest_behind: 0
2021/12/17-10:42:29.594250 7ff4c19cc700             Options.preserve_deletes: 0
2021/12/17-10:42:29.594251 7ff4c19cc700             Options.two_write_queues: 0
2021/12/17-10:42:29.594252 7ff4c19cc700             Options.manual_wal_flush: 0
2021/12/17-10:42:29.594253 7ff4c19cc700             Options.atomic_flush: 0
2021/12/17-10:42:29.594253 7ff4c19cc700             Options.avoid_unnecessary_blocking_io: 0
2021/12/17-10:42:29.594254 7ff4c19cc700                 Options.persist_stats_to_disk: 0
2021/12/17-10:42:29.594255 7ff4c19cc700                 Options.write_dbid_to_manifest: 0
2021/12/17-10:42:29.594256 7ff4c19cc700                 Options.log_readahead_size: 0
2021/12/17-10:42:29.594257 7ff4c19cc700                 Options.file_checksum_gen_factory: Unknown
2021/12/17-10:42:29.594257 7ff4c19cc700                 Options.best_efforts_recovery: 0
2021/12/17-10:42:29.594258 7ff4c19cc700                Options.max_bgerror_resume_count: 2147483647
2021/12/17-10:42:29.594259 7ff4c19cc700            Options.bgerror_resume_retry_interval: 1000000
2021/12/17-10:42:29.594260 7ff4c19cc700             Options.allow_data_in_errors: 0
2021/12/17-10:42:29.594261 7ff4c19cc700             Options.db_host_id: __hostname__
2021/12/17-10:42:29.594262 7ff4c19cc700             Options.max_background_jobs: 2
2021/12/17-10:42:29.594263 7ff4c19cc700             Options.max_background_compactions: -1
2021/12/17-10:42:29.594264 7ff4c19cc700             Options.max_subcompactions: 1
2021/12/17-10:42:29.594264 7ff4c19cc700             Options.avoid_flush_during_shutdown: 0
2021/12/17-10:42:29.594265 7ff4c19cc700           Options.writable_file_max_buffer_size: 1048576
2021/12/17-10:42:29.594266 7ff4c19cc700             Options.delayed_write_rate : 16777216
2021/12/17-10:42:29.594267 7ff4c19cc700             Options.max_total_wal_size: 0
2021/12/17-10:42:29.594268 7ff4c19cc700             Options.delete_obsolete_files_period_micros: 21600000000
2021/12/17-10:42:29.594269 7ff4c19cc700                   Options.stats_dump_period_sec: 0
2021/12/17-10:42:29.594269 7ff4c19cc700                 Options.stats_persist_period_sec: 0
2021/12/17-10:42:29.594270 7ff4c19cc700                 Options.stats_history_buffer_size: 65536
2021/12/17-10:42:29.594271 7ff4c19cc700                          Options.max_open_files: -1
2021/12/17-10:42:29.594272 7ff4c19cc700                          Options.bytes_per_sync: 0
2021/12/17-10:42:29.594273 7ff4c19cc700                      Options.wal_bytes_per_sync: 0
2021/12/17-10:42:29.594273 7ff4c19cc700                   Options.strict_bytes_per_sync: 0
2021/12/17-10:42:29.594274 7ff4c19cc700       Options.compaction_readahead_size: 0
2021/12/17-10:42:29.594275 7ff4c19cc700                  Options.max_background_flushes: -1
2021/12/17-10:42:29.594276 7ff4c19cc700 Compression algorithms supported:
2021/12/17-10:42:29.594281 7ff4c19cc700 	kZSTDNotFinalCompression supported: 1
2021/12/17-10:42:29.594283 7ff4c19cc700 	kZSTD supported: 1
2021/12/17-10:42:29.594284 7ff4c19cc700 	kXpressCompression supported: 0
2021/12/17-10:42:29.594284 7ff4c19cc700 	kLZ4HCCompression supported: 1
2021/12/17-10:42:29.594285 7ff4c19cc700 	kLZ4Compression supported: 1
2021/12/17-10:42:29.594286 7ff4c19cc700 	kBZip2Compression supported: 1
2021/12/17-10:42:29.594287 7ff4c19cc700 	kZlibCompression supported: 1
2021/12/17-10:42:29.594288 7ff4c19cc700 	kSnappyCompression supported: 1
2021/12/17-10:42:29.594289 7ff4c19cc700 Fast CRC32 supported: Not supported on x86
2021/12/17-10:42:29.612834 7ff4c19cc700 [/db_impl/db_impl_open.cc:285] Creating manifest 1 
2021/12/17-10:42:29.704631 7ff4c19cc700 [/version_set.cc:4627] Recovering from manifest file: /home/ubuntu/Documents/hivemq-ce-2021.3/data/persistence/publish_payload_store/040500_R/publish_payload_store_60/MANIFEST-000001
2021/12/17-10:42:29.704752 7ff4c19cc700 [/column_family.cc:598] --------------- Options for column family [default]:
2021/12/17-10:42:29.704756 7ff4c19cc700               Options.comparator: leveldb.BytewiseComparator
2021/12/17-10:42:29.704757 7ff4c19cc700           Options.merge_operator: None
2021/12/17-10:42:29.704758 7ff4c19cc700        Options.compaction_filter: None
2021/12/17-10:42:29.704759 7ff4c19cc700        Options.compaction_filter_factory: None
2021/12/17-10:42:29.704760 7ff4c19cc700  Options.sst_partitioner_factory: None
2021/12/17-10:42:29.704761 7ff4c19cc700         Options.memtable_factory: SkipListFactory
2021/12/17-10:42:29.704762 7ff4c19cc700            Options.table_factory: BlockBasedTable
2021/12/17-10:42:29.704782 7ff4c19cc700            table_factory options:   flush_block_policy_factory: FlushBlockBySizePolicyFactory (0x7ff4ac079670)
  cache_index_and_filter_blocks: 0
  cache_index_and_filter_blocks_with_high_priority: 1
  pin_l0_filter_and_index_blocks_in_cache: 0
  pin_top_level_index_and_filter: 1
  index_type: 0
  data_block_index_type: 0
  index_shortening: 1
  data_block_hash_table_util_ratio: 0.750000
  hash_index_allow_collision: 1
  checksum: 1
  no_block_cache: 0
  block_cache: 0x7ff4ac005750
  block_cache_name: LRUCache
  block_cache_options:
    capacity : 128753152
    num_shard_bits : 6
    strict_capacity_limit : 0
    memory_allocator : None
    high_pri_pool_ratio: 0.000
  block_cache_compressed: (nil)
  persistent_cache: (nil)
  block_size: 32768
  block_size_deviation: 10
  block_restart_interval: 16
  index_block_restart_interval: 1
  metadata_block_size: 4096
  partition_filters: 0
  use_delta_encoding: 1
  filter_policy: nullptr
  whole_key_filtering: 1
  verify_compression: 0
  read_amp_bytes_per_bit: 0
  format_version: 5
  enable_index_compression: 1
  block_align: 0
2021/12/17-10:42:29.704784 7ff4c19cc700        Options.write_buffer_size: 4023536
2021/12/17-10:42:29.704785 7ff4c19cc700  Options.max_write_buffer_number: 2
2021/12/17-10:42:29.704786 7ff4c19cc700          Options.compression: Snappy
2021/12/17-10:42:29.704787 7ff4c19cc700                  Options.bottommost_compression: Disabled
2021/12/17-10:42:29.704788 7ff4c19cc700       Options.prefix_extractor: nullptr
2021/12/17-10:42:29.704789 7ff4c19cc700   Options.memtable_insert_with_hint_prefix_extractor: nullptr
2021/12/17-10:42:29.704790 7ff4c19cc700             Options.num_levels: 7
2021/12/17-10:42:29.704791 7ff4c19cc700        Options.min_write_buffer_number_to_merge: 1
2021/12/17-10:42:29.704791 7ff4c19cc700     Options.max_write_buffer_number_to_maintain: 0
2021/12/17-10:42:29.704792 7ff4c19cc700     Options.max_write_buffer_size_to_maintain: 0
2021/12/17-10:42:29.704793 7ff4c19cc700            Options.bottommost_compression_opts.window_bits: -14
2021/12/17-10:42:29.704794 7ff4c19cc700                  Options.bottommost_compression_opts.level: 32767
2021/12/17-10:42:29.704795 7ff4c19cc700               Options.bottommost_compression_opts.strategy: 0
2021/12/17-10:42:29.704796 7ff4c19cc700         Options.bottommost_compression_opts.max_dict_bytes: 0
2021/12/17-10:42:29.704835 7ff4c19cc700         Options.bottommost_compression_opts.zstd_max_train_bytes: 0
2021/12/17-10:42:29.704839 7ff4c19cc700         Options.bottommost_compression_opts.parallel_threads: 1
2021/12/17-10:42:29.704840 7ff4c19cc700                  Options.bottommost_compression_opts.enabled: false
2021/12/17-10:42:29.704841 7ff4c19cc700         Options.bottommost_compression_opts.max_dict_buffer_bytes: 0
2021/12/17-10:42:29.704842 7ff4c19cc700            Options.compression_opts.window_bits: -14
2021/12/17-10:42:29.704843 7ff4c19cc700                  Options.compression_opts.level: 32767
2021/12/17-10:42:29.704844 7ff4c19cc700               Options.compression_opts.strategy: 0
2021/12/17-10:42:29.704845 7ff4c19cc700         Options.compression_opts.max_dict_bytes: 0
2021/12/17-10:42:29.704846 7ff4c19cc700         Options.compression_opts.zstd_max_train_bytes: 0
2021/12/17-10:42:29.704846 7ff4c19cc700         Options.compression_opts.parallel_threads: 1
2021/12/17-10:42:29.704847 7ff4c19cc700                  Options.compression_opts.enabled: false
2021/12/17-10:42:29.704848 7ff4c19cc700         Options.compression_opts.max_dict_buffer_bytes: 0
2021/12/17-10:42:29.704849 7ff4c19cc700      Options.level0_file_num_compaction_trigger: 4
2021/12/17-10:42:29.704850 7ff4c19cc700          Options.level0_slowdown_writes_trigger: 20
2021/12/17-10:42:29.704850 7ff4c19cc700              Options.level0_stop_writes_trigger: 36
2021/12/17-10:42:29.704851 7ff4c19cc700                   Options.target_file_size_base: 67108864
2021/12/17-10:42:29.704852 7ff4c19cc700             Options.target_file_size_multiplier: 1
2021/12/17-10:42:29.704853 7ff4c19cc700                Options.max_bytes_for_level_base: 268435456
2021/12/17-10:42:29.704854 7ff4c19cc700 Options.level_compaction_dynamic_level_bytes: 0
2021/12/17-10:42:29.704856 7ff4c19cc700          Options.max_bytes_for_level_multiplier: 10.000000
2021/12/17-10:42:29.704857 7ff4c19cc700 Options.max_bytes_for_level_multiplier_addtl[0]: 1
2021/12/17-10:42:29.704858 7ff4c19cc700 Options.max_bytes_for_level_multiplier_addtl[1]: 1
2021/12/17-10:42:29.704859 7ff4c19cc700 Options.max_bytes_for_level_multiplier_addtl[2]: 1
2021/12/17-10:42:29.704859 7ff4c19cc700 Options.max_bytes_for_level_multiplier_addtl[3]: 1
2021/12/17-10:42:29.704860 7ff4c19cc700 Options.max_bytes_for_level_multiplier_addtl[4]: 1
2021/12/17-10:42:29.704861 7ff4c19cc700 Options.max_bytes_for_level_multiplier_addtl[5]: 1
2021/12/17-10:42:29.704862 7ff4c19cc700 Options.max_bytes_for_level_multiplier_addtl[6]: 1
2021/12/17-10:42:29.704863 7ff4c19cc700       Options.max_sequential_skip_in_iterations: 8
2021/12/17-10:42:29.704864 7ff4c19cc700                    Options.max_compaction_bytes: 1677721600
2021/12/17-10:42:29.704865 7ff4c19cc700                        Options.arena_block_size: 503808
2021/12/17-10:42:29.704866 7ff4c19cc700   Options.soft_pending_compaction_bytes_limit: 68719476736
2021/12/17-10:42:29.704866 7ff4c19cc700   Options.hard_pending_compaction_bytes_limit: 274877906944
2021/12/17-10:42:29.704867 7ff4c19cc700       Options.rate_limit_delay_max_milliseconds: 100
2021/12/17-10:42:29.704868 7ff4c19cc700                Options.disable_auto_compactions: 0
2021/12/17-10:42:29.704869 7ff4c19cc700                        Options.compaction_style: kCompactionStyleLevel
2021/12/17-10:42:29.704870 7ff4c19cc700                          Options.compaction_pri: kMinOverlappingRatio
2021/12/17-10:42:29.704871 7ff4c19cc700 Options.compaction_options_universal.size_ratio: 1
2021/12/17-10:42:29.704872 7ff4c19cc700 Options.compaction_options_universal.min_merge_width: 2
2021/12/17-10:42:29.704873 7ff4c19cc700 Options.compaction_options_universal.max_merge_width: 4294967295
2021/12/17-10:42:29.704874 7ff4c19cc700 Options.compaction_options_universal.max_size_amplification_percent: 200
2021/12/17-10:42:29.704875 7ff4c19cc700 Options.compaction_options_universal.compression_size_percent: -1
2021/12/17-10:42:29.704876 7ff4c19cc700 Options.compaction_options_universal.stop_style: kCompactionStopStyleTotalSize
2021/12/17-10:42:29.704885 7ff4c19cc700 Options.compaction_options_fifo.max_table_files_size: 1073741824
2021/12/17-10:42:29.704886 7ff4c19cc700 Options.compaction_options_fifo.allow_compaction: 0
2021/12/17-10:42:29.704892 7ff4c19cc700                   Options.table_properties_collectors: 
2021/12/17-10:42:29.704893 7ff4c19cc700                   Options.inplace_update_support: 0
2021/12/17-10:42:29.704893 7ff4c19cc700                 Options.inplace_update_num_locks: 10000
2021/12/17-10:42:29.704895 7ff4c19cc700               Options.memtable_prefix_bloom_size_ratio: 0.000000
2021/12/17-10:42:29.704896 7ff4c19cc700               Options.memtable_whole_key_filtering: 0
2021/12/17-10:42:29.704896 7ff4c19cc700   Options.memtable_huge_page_size: 0
2021/12/17-10:42:29.704897 7ff4c19cc700                           Options.bloom_locality: 0
2021/12/17-10:42:29.704901 7ff4c19cc700                    Options.max_successive_merges: 0
2021/12/17-10:42:29.704902 7ff4c19cc700                Options.optimize_filters_for_hits: 0
2021/12/17-10:42:29.704902 7ff4c19cc700                Options.paranoid_file_checks: 0
2021/12/17-10:42:29.704903 7ff4c19cc700                Options.force_consistency_checks: 1
2021/12/17-10:42:29.704904 7ff4c19cc700                Options.report_bg_io_stats: 0
2021/12/17-10:42:29.704905 7ff4c19cc700                               Options.ttl: 2592000
2021/12/17-10:42:29.704906 7ff4c19cc700          Options.periodic_compaction_seconds: 0
2021/12/17-10:42:29.704906 7ff4c19cc700                    Options.enable_blob_files: false
2021/12/17-10:42:29.704907 7ff4c19cc700                        Options.min_blob_size: 0
2021/12/17-10:42:29.704908 7ff4c19cc700                       Options.blob_file_size: 268435456
2021/12/17-10:42:29.704909 7ff4c19cc700                Options.blob_compression_type: NoCompression
2021/12/17-10:42:29.704910 7ff4c19cc700       Options.enable_blob_garbage_collection: false
2021/12/17-10:42:29.704911 7ff4c19cc700   Options.blob_garbage_collection_age_cutoff: 0.250000
2021/12/17-10:42:29.740336 7ff4c19cc700 [/version_set.cc:4675] Recovered from manifest file:/home/ubuntu/Documents/hivemq-ce-2021.3/data/persistence/publish_payload_store/040500_R/publish_payload_store_60/MANIFEST-000001 succeeded,manifest_file_number is 1, next_file_number is 3, last_sequence is 0, log_number is 0,prev_log_number is 0,max_column_family is 0,min_log_number_to_keep is 0
2021/12/17-10:42:29.740341 7ff4c19cc700 [/version_set.cc:4684] Column family [default] (ID 0), log number is 0
2021/12/17-10:42:29.740403 7ff4c19cc700 [/version_set.cc:4119] Creating manifest 4
2021/12/17-10:42:29.879605 7ff4c19cc700 [/db_impl/db_impl_open.cc:1757] SstFileManager instance 0x7ff4bc0954a0
2021/12/17-10:42:29.879622 7ff4c19cc700 DB pointer 0x7ff4bc0ea250
2021/12/17-10:50:52.604621 7ff48aff0700 [/db_impl/db_impl.cc:463] Shutdown: canceling all background work
2021/12/17-10:50:52.604764 7ff48aff0700 [/db_impl/db_impl.cc:642] Shutdown complete
