2021/12/17-10:42:30.623925 7ff4c23d6700 RocksDB version: 6.20.3
2021/12/17-10:42:30.623949 7ff4c23d6700 Compile date 2021-05-07 11:24:03
2021/12/17-10:42:30.623986 7ff4c23d6700 DB SUMMARY
2021/12/17-10:42:30.623987 7ff4c23d6700 DB Session ID:  16R0B6J49P41Z9KYPOIU
2021/12/17-10:42:30.624000 7ff4c23d6700 SST files in /home/ubuntu/Documents/hivemq-ce-2021.3/data/persistence/retained_messages/040500_R/retained_messages_59 dir, Total Num: 0, files: 
2021/12/17-10:42:30.624001 7ff4c23d6700 Write Ahead Log file in /home/ubuntu/Documents/hivemq-ce-2021.3/data/persistence/retained_messages/040500_R/retained_messages_59: 
2021/12/17-10:42:30.624003 7ff4c23d6700                         Options.error_if_exists: 0
2021/12/17-10:42:30.624004 7ff4c23d6700                       Options.create_if_missing: 1
2021/12/17-10:42:30.624005 7ff4c23d6700                         Options.paranoid_checks: 1
2021/12/17-10:42:30.624005 7ff4c23d6700                               Options.track_and_verify_wals_in_manifest: 0
2021/12/17-10:42:30.624006 7ff4c23d6700                                     Options.env: 0x7ff4c35b80a0
2021/12/17-10:42:30.624008 7ff4c23d6700                                      Options.fs: Posix File System
2021/12/17-10:42:30.624009 7ff4c23d6700                                Options.info_log: 0x564a660f1ef0
2021/12/17-10:42:30.624010 7ff4c23d6700                Options.max_file_opening_threads: 16
2021/12/17-10:42:30.624011 7ff4c23d6700                              Options.statistics: 0x7ff4a0003190
2021/12/17-10:42:30.624011 7ff4c23d6700                               Options.use_fsync: 0
2021/12/17-10:42:30.624013 7ff4c23d6700                       Options.max_log_file_size: 512000
2021/12/17-10:42:30.624013 7ff4c23d6700                  Options.max_manifest_file_size: 1073741824
2021/12/17-10:42:30.624014 7ff4c23d6700                   Options.log_file_time_to_roll: 0
2021/12/17-10:42:30.624015 7ff4c23d6700                       Options.keep_log_file_num: 2
2021/12/17-10:42:30.624016 7ff4c23d6700                    Options.recycle_log_file_num: 0
2021/12/17-10:42:30.624017 7ff4c23d6700                         Options.allow_fallocate: 1
2021/12/17-10:42:30.624018 7ff4c23d6700                        Options.allow_mmap_reads: 0
2021/12/17-10:42:30.624018 7ff4c23d6700                       Options.allow_mmap_writes: 0
2021/12/17-10:42:30.624019 7ff4c23d6700                        Options.use_direct_reads: 0
2021/12/17-10:42:30.624020 7ff4c23d6700                        Options.use_direct_io_for_flush_and_compaction: 0
2021/12/17-10:42:30.624021 7ff4c23d6700          Options.create_missing_column_families: 0
2021/12/17-10:42:30.624022 7ff4c23d6700                              Options.db_log_dir: 
2021/12/17-10:42:30.624023 7ff4c23d6700                                 Options.wal_dir: /home/ubuntu/Documents/hivemq-ce-2021.3/data/persistence/retained_messages/040500_R/retained_messages_59
2021/12/17-10:42:30.624023 7ff4c23d6700                Options.table_cache_numshardbits: 6
2021/12/17-10:42:30.624024 7ff4c23d6700                         Options.WAL_ttl_seconds: 0
2021/12/17-10:42:30.624025 7ff4c23d6700                       Options.WAL_size_limit_MB: 0
2021/12/17-10:42:30.624026 7ff4c23d6700                        Options.max_write_batch_group_size_bytes: 1048576
2021/12/17-10:42:30.624027 7ff4c23d6700             Options.manifest_preallocation_size: 4194304
2021/12/17-10:42:30.624028 7ff4c23d6700                     Options.is_fd_close_on_exec: 1
2021/12/17-10:42:30.624028 7ff4c23d6700                   Options.advise_random_on_open: 1
2021/12/17-10:42:30.624029 7ff4c23d6700                    Options.db_write_buffer_size: 0
2021/12/17-10:42:30.624030 7ff4c23d6700                    Options.write_buffer_manager: 0x564a660dd170
2021/12/17-10:42:30.624031 7ff4c23d6700         Options.access_hint_on_compaction_start: 1
2021/12/17-10:42:30.624032 7ff4c23d6700  Options.new_table_reader_for_compaction_inputs: 0
2021/12/17-10:42:30.624033 7ff4c23d6700           Options.random_access_max_buffer_size: 1048576
2021/12/17-10:42:30.624033 7ff4c23d6700                      Options.use_adaptive_mutex: 0
2021/12/17-10:42:30.624042 7ff4c23d6700                            Options.rate_limiter: (nil)
2021/12/17-10:42:30.624044 7ff4c23d6700     Options.sst_file_manager.rate_bytes_per_sec: 0
2021/12/17-10:42:30.624044 7ff4c23d6700                       Options.wal_recovery_mode: 2
2021/12/17-10:42:30.624045 7ff4c23d6700                  Options.enable_thread_tracking: 0
2021/12/17-10:42:30.624046 7ff4c23d6700                  Options.enable_pipelined_write: 0
2021/12/17-10:42:30.624047 7ff4c23d6700                  Options.unordered_write: 0
2021/12/17-10:42:30.624048 7ff4c23d6700         Options.allow_concurrent_memtable_write: 1
2021/12/17-10:42:30.624048 7ff4c23d6700      Options.enable_write_thread_adaptive_yield: 1
2021/12/17-10:42:30.624049 7ff4c23d6700             Options.write_thread_max_yield_usec: 100
2021/12/17-10:42:30.624050 7ff4c23d6700            Options.write_thread_slow_yield_usec: 3
2021/12/17-10:42:30.624051 7ff4c23d6700                               Options.row_cache: None
2021/12/17-10:42:30.624052 7ff4c23d6700                              Options.wal_filter: None
2021/12/17-10:42:30.624053 7ff4c23d6700             Options.avoid_flush_during_recovery: 0
2021/12/17-10:42:30.624053 7ff4c23d6700             Options.allow_ingest_behind: 0
2021/12/17-10:42:30.624054 7ff4c23d6700             Options.preserve_deletes: 0
2021/12/17-10:42:30.624055 7ff4c23d6700             Options.two_write_queues: 0
2021/12/17-10:42:30.624056 7ff4c23d6700             Options.manual_wal_flush: 0
2021/12/17-10:42:30.624056 7ff4c23d6700             Options.atomic_flush: 0
2021/12/17-10:42:30.624057 7ff4c23d6700             Options.avoid_unnecessary_blocking_io: 0
2021/12/17-10:42:30.624058 7ff4c23d6700                 Options.persist_stats_to_disk: 0
2021/12/17-10:42:30.624059 7ff4c23d6700                 Options.write_dbid_to_manifest: 0
2021/12/17-10:42:30.624060 7ff4c23d6700                 Options.log_readahead_size: 0
2021/12/17-10:42:30.624060 7ff4c23d6700                 Options.file_checksum_gen_factory: Unknown
2021/12/17-10:42:30.624061 7ff4c23d6700                 Options.best_efforts_recovery: 0
2021/12/17-10:42:30.624062 7ff4c23d6700                Options.max_bgerror_resume_count: 2147483647
2021/12/17-10:42:30.624063 7ff4c23d6700            Options.bgerror_resume_retry_interval: 1000000
2021/12/17-10:42:30.624064 7ff4c23d6700             Options.allow_data_in_errors: 0
2021/12/17-10:42:30.624065 7ff4c23d6700             Options.db_host_id: __hostname__
2021/12/17-10:42:30.624065 7ff4c23d6700             Options.max_background_jobs: 2
2021/12/17-10:42:30.624066 7ff4c23d6700             Options.max_background_compactions: -1
2021/12/17-10:42:30.624067 7ff4c23d6700             Options.max_subcompactions: 1
2021/12/17-10:42:30.624068 7ff4c23d6700             Options.avoid_flush_during_shutdown: 0
2021/12/17-10:42:30.624069 7ff4c23d6700           Options.writable_file_max_buffer_size: 1048576
2021/12/17-10:42:30.624070 7ff4c23d6700             Options.delayed_write_rate : 16777216
2021/12/17-10:42:30.624071 7ff4c23d6700             Options.max_total_wal_size: 0
2021/12/17-10:42:30.624072 7ff4c23d6700             Options.delete_obsolete_files_period_micros: 21600000000
2021/12/17-10:42:30.624073 7ff4c23d6700                   Options.stats_dump_period_sec: 0
2021/12/17-10:42:30.624074 7ff4c23d6700                 Options.stats_persist_period_sec: 0
2021/12/17-10:42:30.624074 7ff4c23d6700                 Options.stats_history_buffer_size: 65536
2021/12/17-10:42:30.624075 7ff4c23d6700                          Options.max_open_files: -1
2021/12/17-10:42:30.624076 7ff4c23d6700                          Options.bytes_per_sync: 0
2021/12/17-10:42:30.624077 7ff4c23d6700                      Options.wal_bytes_per_sync: 0
2021/12/17-10:42:30.624078 7ff4c23d6700                   Options.strict_bytes_per_sync: 0
2021/12/17-10:42:30.624078 7ff4c23d6700       Options.compaction_readahead_size: 0
2021/12/17-10:42:30.624079 7ff4c23d6700                  Options.max_background_flushes: -1
2021/12/17-10:42:30.624080 7ff4c23d6700 Compression algorithms supported:
2021/12/17-10:42:30.624086 7ff4c23d6700 	kZSTDNotFinalCompression supported: 1
2021/12/17-10:42:30.624087 7ff4c23d6700 	kZSTD supported: 1
2021/12/17-10:42:30.624088 7ff4c23d6700 	kXpressCompression supported: 0
2021/12/17-10:42:30.624089 7ff4c23d6700 	kLZ4HCCompression supported: 1
2021/12/17-10:42:30.624090 7ff4c23d6700 	kLZ4Compression supported: 1
2021/12/17-10:42:30.624091 7ff4c23d6700 	kBZip2Compression supported: 1
2021/12/17-10:42:30.624092 7ff4c23d6700 	kZlibCompression supported: 1
2021/12/17-10:42:30.624093 7ff4c23d6700 	kSnappyCompression supported: 1
2021/12/17-10:42:30.624094 7ff4c23d6700 Fast CRC32 supported: Not supported on x86
2021/12/17-10:42:30.655601 7ff4c23d6700 [/db_impl/db_impl_open.cc:285] Creating manifest 1 
2021/12/17-10:42:30.699388 7ff4c23d6700 [/version_set.cc:4627] Recovering from manifest file: /home/ubuntu/Documents/hivemq-ce-2021.3/data/persistence/retained_messages/040500_R/retained_messages_59/MANIFEST-000001
2021/12/17-10:42:30.699493 7ff4c23d6700 [/column_family.cc:598] --------------- Options for column family [default]:
2021/12/17-10:42:30.699496 7ff4c23d6700               Options.comparator: leveldb.BytewiseComparator
2021/12/17-10:42:30.699497 7ff4c23d6700           Options.merge_operator: None
2021/12/17-10:42:30.699498 7ff4c23d6700        Options.compaction_filter: None
2021/12/17-10:42:30.699672 7ff4c23d6700        Options.compaction_filter_factory: None
2021/12/17-10:42:30.699676 7ff4c23d6700  Options.sst_partitioner_factory: None
2021/12/17-10:42:30.699677 7ff4c23d6700         Options.memtable_factory: SkipListFactory
2021/12/17-10:42:30.699678 7ff4c23d6700            Options.table_factory: BlockBasedTable
2021/12/17-10:42:30.699700 7ff4c23d6700            table_factory options:   flush_block_policy_factory: FlushBlockBySizePolicyFactory (0x7ff4a006ca20)
  cache_index_and_filter_blocks: 0
  cache_index_and_filter_blocks_with_high_priority: 1
  pin_l0_filter_and_index_blocks_in_cache: 0
  pin_top_level_index_and_filter: 1
  index_type: 0
  data_block_index_type: 0
  index_shortening: 1
  data_block_hash_table_util_ratio: 0.750000
  hash_index_allow_collision: 1
  checksum: 1
  no_block_cache: 0
  block_cache: 0x7ff4a006c9a0
  block_cache_name: LRUCache
  block_cache_options:
    capacity : 128753152
    num_shard_bits : 6
    strict_capacity_limit : 0
    memory_allocator : None
    high_pri_pool_ratio: 0.000
  block_cache_compressed: (nil)
  persistent_cache: (nil)
  block_size: 32768
  block_size_deviation: 10
  block_restart_interval: 16
  index_block_restart_interval: 1
  metadata_block_size: 4096
  partition_filters: 0
  use_delta_encoding: 1
  filter_policy: nullptr
  whole_key_filtering: 1
  verify_compression: 0
  read_amp_bytes_per_bit: 0
  format_version: 5
  enable_index_compression: 1
  block_align: 0
2021/12/17-10:42:30.699702 7ff4c23d6700        Options.write_buffer_size: 4023536
2021/12/17-10:42:30.699703 7ff4c23d6700  Options.max_write_buffer_number: 2
2021/12/17-10:42:30.699704 7ff4c23d6700          Options.compression: Snappy
2021/12/17-10:42:30.699705 7ff4c23d6700                  Options.bottommost_compression: Disabled
2021/12/17-10:42:30.699706 7ff4c23d6700       Options.prefix_extractor: nullptr
2021/12/17-10:42:30.699707 7ff4c23d6700   Options.memtable_insert_with_hint_prefix_extractor: nullptr
2021/12/17-10:42:30.699708 7ff4c23d6700             Options.num_levels: 7
2021/12/17-10:42:30.699708 7ff4c23d6700        Options.min_write_buffer_number_to_merge: 1
2021/12/17-10:42:30.699709 7ff4c23d6700     Options.max_write_buffer_number_to_maintain: 0
2021/12/17-10:42:30.699710 7ff4c23d6700     Options.max_write_buffer_size_to_maintain: 0
2021/12/17-10:42:30.699711 7ff4c23d6700            Options.bottommost_compression_opts.window_bits: -14
2021/12/17-10:42:30.699712 7ff4c23d6700                  Options.bottommost_compression_opts.level: 32767
2021/12/17-10:42:30.699713 7ff4c23d6700               Options.bottommost_compression_opts.strategy: 0
2021/12/17-10:42:30.699714 7ff4c23d6700         Options.bottommost_compression_opts.max_dict_bytes: 0
2021/12/17-10:42:30.699728 7ff4c23d6700         Options.bottommost_compression_opts.zstd_max_train_bytes: 0
2021/12/17-10:42:30.699729 7ff4c23d6700         Options.bottommost_compression_opts.parallel_threads: 1
2021/12/17-10:42:30.699730 7ff4c23d6700                  Options.bottommost_compression_opts.enabled: false
2021/12/17-10:42:30.699731 7ff4c23d6700         Options.bottommost_compression_opts.max_dict_buffer_bytes: 0
2021/12/17-10:42:30.699732 7ff4c23d6700            Options.compression_opts.window_bits: -14
2021/12/17-10:42:30.699733 7ff4c23d6700                  Options.compression_opts.level: 32767
2021/12/17-10:42:30.699734 7ff4c23d6700               Options.compression_opts.strategy: 0
2021/12/17-10:42:30.699735 7ff4c23d6700         Options.compression_opts.max_dict_bytes: 0
2021/12/17-10:42:30.699736 7ff4c23d6700         Options.compression_opts.zstd_max_train_bytes: 0
2021/12/17-10:42:30.699737 7ff4c23d6700         Options.compression_opts.parallel_threads: 1
2021/12/17-10:42:30.699737 7ff4c23d6700                  Options.compression_opts.enabled: false
2021/12/17-10:42:30.699738 7ff4c23d6700         Options.compression_opts.max_dict_buffer_bytes: 0
2021/12/17-10:42:30.699739 7ff4c23d6700      Options.level0_file_num_compaction_trigger: 4
2021/12/17-10:42:30.699740 7ff4c23d6700          Options.level0_slowdown_writes_trigger: 20
2021/12/17-10:42:30.699741 7ff4c23d6700              Options.level0_stop_writes_trigger: 36
2021/12/17-10:42:30.699741 7ff4c23d6700                   Options.target_file_size_base: 67108864
2021/12/17-10:42:30.699742 7ff4c23d6700             Options.target_file_size_multiplier: 1
2021/12/17-10:42:30.699743 7ff4c23d6700                Options.max_bytes_for_level_base: 268435456
2021/12/17-10:42:30.699744 7ff4c23d6700 Options.level_compaction_dynamic_level_bytes: 0
2021/12/17-10:42:30.699746 7ff4c23d6700          Options.max_bytes_for_level_multiplier: 10.000000
2021/12/17-10:42:30.699747 7ff4c23d6700 Options.max_bytes_for_level_multiplier_addtl[0]: 1
2021/12/17-10:42:30.699748 7ff4c23d6700 Options.max_bytes_for_level_multiplier_addtl[1]: 1
2021/12/17-10:42:30.699749 7ff4c23d6700 Options.max_bytes_for_level_multiplier_addtl[2]: 1
2021/12/17-10:42:30.699749 7ff4c23d6700 Options.max_bytes_for_level_multiplier_addtl[3]: 1
2021/12/17-10:42:30.699750 7ff4c23d6700 Options.max_bytes_for_level_multiplier_addtl[4]: 1
2021/12/17-10:42:30.699751 7ff4c23d6700 Options.max_bytes_for_level_multiplier_addtl[5]: 1
2021/12/17-10:42:30.699752 7ff4c23d6700 Options.max_bytes_for_level_multiplier_addtl[6]: 1
2021/12/17-10:42:30.699753 7ff4c23d6700       Options.max_sequential_skip_in_iterations: 8
2021/12/17-10:42:30.699754 7ff4c23d6700                    Options.max_compaction_bytes: 1677721600
2021/12/17-10:42:30.699754 7ff4c23d6700                        Options.arena_block_size: 503808
2021/12/17-10:42:30.699755 7ff4c23d6700   Options.soft_pending_compaction_bytes_limit: 68719476736
2021/12/17-10:42:30.699756 7ff4c23d6700   Options.hard_pending_compaction_bytes_limit: 274877906944
2021/12/17-10:42:30.699759 7ff4c23d6700       Options.rate_limit_delay_max_milliseconds: 100
2021/12/17-10:42:30.699760 7ff4c23d6700                Options.disable_auto_compactions: 0
2021/12/17-10:42:30.699761 7ff4c23d6700                        Options.compaction_style: kCompactionStyleLevel
2021/12/17-10:42:30.699762 7ff4c23d6700                          Options.compaction_pri: kMinOverlappingRatio
2021/12/17-10:42:30.699763 7ff4c23d6700 Options.compaction_options_universal.size_ratio: 1
2021/12/17-10:42:30.699764 7ff4c23d6700 Options.compaction_options_universal.min_merge_width: 2
2021/12/17-10:42:30.699765 7ff4c23d6700 Options.compaction_options_universal.max_merge_width: 4294967295
2021/12/17-10:42:30.699765 7ff4c23d6700 Options.compaction_options_universal.max_size_amplification_percent: 200
2021/12/17-10:42:30.699766 7ff4c23d6700 Options.compaction_options_universal.compression_size_percent: -1
2021/12/17-10:42:30.699767 7ff4c23d6700 Options.compaction_options_universal.stop_style: kCompactionStopStyleTotalSize
2021/12/17-10:42:30.699775 7ff4c23d6700 Options.compaction_options_fifo.max_table_files_size: 1073741824
2021/12/17-10:42:30.699776 7ff4c23d6700 Options.compaction_options_fifo.allow_compaction: 0
2021/12/17-10:42:30.699782 7ff4c23d6700                   Options.table_properties_collectors: 
2021/12/17-10:42:30.699783 7ff4c23d6700                   Options.inplace_update_support: 0
2021/12/17-10:42:30.699783 7ff4c23d6700                 Options.inplace_update_num_locks: 10000
2021/12/17-10:42:30.699785 7ff4c23d6700               Options.memtable_prefix_bloom_size_ratio: 0.000000
2021/12/17-10:42:30.699786 7ff4c23d6700               Options.memtable_whole_key_filtering: 0
2021/12/17-10:42:30.699786 7ff4c23d6700   Options.memtable_huge_page_size: 0
2021/12/17-10:42:30.699787 7ff4c23d6700                           Options.bloom_locality: 0
2021/12/17-10:42:30.699788 7ff4c23d6700                    Options.max_successive_merges: 0
2021/12/17-10:42:30.699789 7ff4c23d6700                Options.optimize_filters_for_hits: 0
2021/12/17-10:42:30.699790 7ff4c23d6700                Options.paranoid_file_checks: 0
2021/12/17-10:42:30.699790 7ff4c23d6700                Options.force_consistency_checks: 1
2021/12/17-10:42:30.699791 7ff4c23d6700                Options.report_bg_io_stats: 0
2021/12/17-10:42:30.699792 7ff4c23d6700                               Options.ttl: 2592000
2021/12/17-10:42:30.699793 7ff4c23d6700          Options.periodic_compaction_seconds: 0
2021/12/17-10:42:30.699794 7ff4c23d6700                    Options.enable_blob_files: false
2021/12/17-10:42:30.699794 7ff4c23d6700                        Options.min_blob_size: 0
2021/12/17-10:42:30.699795 7ff4c23d6700                       Options.blob_file_size: 268435456
2021/12/17-10:42:30.699796 7ff4c23d6700                Options.blob_compression_type: NoCompression
2021/12/17-10:42:30.699797 7ff4c23d6700       Options.enable_blob_garbage_collection: false
2021/12/17-10:42:30.699800 7ff4c23d6700   Options.blob_garbage_collection_age_cutoff: 0.250000
2021/12/17-10:42:30.712365 7ff4c23d6700 [/version_set.cc:4675] Recovered from manifest file:/home/ubuntu/Documents/hivemq-ce-2021.3/data/persistence/retained_messages/040500_R/retained_messages_59/MANIFEST-000001 succeeded,manifest_file_number is 1, next_file_number is 3, last_sequence is 0, log_number is 0,prev_log_number is 0,max_column_family is 0,min_log_number_to_keep is 0
2021/12/17-10:42:30.712371 7ff4c23d6700 [/version_set.cc:4684] Column family [default] (ID 0), log number is 0
2021/12/17-10:42:30.712438 7ff4c23d6700 [/version_set.cc:4119] Creating manifest 4
2021/12/17-10:42:30.794926 7ff4c23d6700 [/db_impl/db_impl_open.cc:1757] SstFileManager instance 0x564a660f1b60
2021/12/17-10:42:30.794947 7ff4c23d6700 DB pointer 0x564a660d7570
2021/12/17-10:50:52.442558 7ff4c1ccf700 [/db_impl/db_impl.cc:463] Shutdown: canceling all background work
2021/12/17-10:50:52.451701 7ff4c1ccf700 [/db_impl/db_impl.cc:642] Shutdown complete
