2021/12/17-10:42:30.458430 7ff4c1bce700 RocksDB version: 6.20.3
2021/12/17-10:42:30.458456 7ff4c1bce700 Compile date 2021-05-07 11:24:03
2021/12/17-10:42:30.458490 7ff4c1bce700 DB SUMMARY
2021/12/17-10:42:30.458491 7ff4c1bce700 DB Session ID:  2P1T5ZYWJ2QBRZ1Z07FF
2021/12/17-10:42:30.458503 7ff4c1bce700 SST files in /home/ubuntu/Documents/hivemq-ce-2021.3/data/persistence/retained_messages/040500_R/retained_messages_52 dir, Total Num: 0, files: 
2021/12/17-10:42:30.458505 7ff4c1bce700 Write Ahead Log file in /home/ubuntu/Documents/hivemq-ce-2021.3/data/persistence/retained_messages/040500_R/retained_messages_52: 
2021/12/17-10:42:30.458506 7ff4c1bce700                         Options.error_if_exists: 0
2021/12/17-10:42:30.458507 7ff4c1bce700                       Options.create_if_missing: 1
2021/12/17-10:42:30.458508 7ff4c1bce700                         Options.paranoid_checks: 1
2021/12/17-10:42:30.458509 7ff4c1bce700                               Options.track_and_verify_wals_in_manifest: 0
2021/12/17-10:42:30.458510 7ff4c1bce700                                     Options.env: 0x7ff4c35b80a0
2021/12/17-10:42:30.458511 7ff4c1bce700                                      Options.fs: Posix File System
2021/12/17-10:42:30.458512 7ff4c1bce700                                Options.info_log: 0x7ff4b81ef470
2021/12/17-10:42:30.458513 7ff4c1bce700                Options.max_file_opening_threads: 16
2021/12/17-10:42:30.458514 7ff4c1bce700                              Options.statistics: 0x7ff4a0003190
2021/12/17-10:42:30.458515 7ff4c1bce700                               Options.use_fsync: 0
2021/12/17-10:42:30.458516 7ff4c1bce700                       Options.max_log_file_size: 512000
2021/12/17-10:42:30.458517 7ff4c1bce700                  Options.max_manifest_file_size: 1073741824
2021/12/17-10:42:30.458518 7ff4c1bce700                   Options.log_file_time_to_roll: 0
2021/12/17-10:42:30.458518 7ff4c1bce700                       Options.keep_log_file_num: 2
2021/12/17-10:42:30.458519 7ff4c1bce700                    Options.recycle_log_file_num: 0
2021/12/17-10:42:30.458520 7ff4c1bce700                         Options.allow_fallocate: 1
2021/12/17-10:42:30.458521 7ff4c1bce700                        Options.allow_mmap_reads: 0
2021/12/17-10:42:30.458522 7ff4c1bce700                       Options.allow_mmap_writes: 0
2021/12/17-10:42:30.458523 7ff4c1bce700                        Options.use_direct_reads: 0
2021/12/17-10:42:30.458524 7ff4c1bce700                        Options.use_direct_io_for_flush_and_compaction: 0
2021/12/17-10:42:30.458525 7ff4c1bce700          Options.create_missing_column_families: 0
2021/12/17-10:42:30.458525 7ff4c1bce700                              Options.db_log_dir: 
2021/12/17-10:42:30.458526 7ff4c1bce700                                 Options.wal_dir: /home/ubuntu/Documents/hivemq-ce-2021.3/data/persistence/retained_messages/040500_R/retained_messages_52
2021/12/17-10:42:30.458527 7ff4c1bce700                Options.table_cache_numshardbits: 6
2021/12/17-10:42:30.458528 7ff4c1bce700                         Options.WAL_ttl_seconds: 0
2021/12/17-10:42:30.458529 7ff4c1bce700                       Options.WAL_size_limit_MB: 0
2021/12/17-10:42:30.458530 7ff4c1bce700                        Options.max_write_batch_group_size_bytes: 1048576
2021/12/17-10:42:30.458531 7ff4c1bce700             Options.manifest_preallocation_size: 4194304
2021/12/17-10:42:30.458532 7ff4c1bce700                     Options.is_fd_close_on_exec: 1
2021/12/17-10:42:30.458532 7ff4c1bce700                   Options.advise_random_on_open: 1
2021/12/17-10:42:30.458533 7ff4c1bce700                    Options.db_write_buffer_size: 0
2021/12/17-10:42:30.458534 7ff4c1bce700                    Options.write_buffer_manager: 0x7ff4b81a71a0
2021/12/17-10:42:30.458535 7ff4c1bce700         Options.access_hint_on_compaction_start: 1
2021/12/17-10:42:30.458536 7ff4c1bce700  Options.new_table_reader_for_compaction_inputs: 0
2021/12/17-10:42:30.458537 7ff4c1bce700           Options.random_access_max_buffer_size: 1048576
2021/12/17-10:42:30.458537 7ff4c1bce700                      Options.use_adaptive_mutex: 0
2021/12/17-10:42:30.458546 7ff4c1bce700                            Options.rate_limiter: (nil)
2021/12/17-10:42:30.458547 7ff4c1bce700     Options.sst_file_manager.rate_bytes_per_sec: 0
2021/12/17-10:42:30.458548 7ff4c1bce700                       Options.wal_recovery_mode: 2
2021/12/17-10:42:30.458549 7ff4c1bce700                  Options.enable_thread_tracking: 0
2021/12/17-10:42:30.458549 7ff4c1bce700                  Options.enable_pipelined_write: 0
2021/12/17-10:42:30.458550 7ff4c1bce700                  Options.unordered_write: 0
2021/12/17-10:42:30.458551 7ff4c1bce700         Options.allow_concurrent_memtable_write: 1
2021/12/17-10:42:30.458552 7ff4c1bce700      Options.enable_write_thread_adaptive_yield: 1
2021/12/17-10:42:30.458553 7ff4c1bce700             Options.write_thread_max_yield_usec: 100
2021/12/17-10:42:30.458554 7ff4c1bce700            Options.write_thread_slow_yield_usec: 3
2021/12/17-10:42:30.458554 7ff4c1bce700                               Options.row_cache: None
2021/12/17-10:42:30.458555 7ff4c1bce700                              Options.wal_filter: None
2021/12/17-10:42:30.458556 7ff4c1bce700             Options.avoid_flush_during_recovery: 0
2021/12/17-10:42:30.458557 7ff4c1bce700             Options.allow_ingest_behind: 0
2021/12/17-10:42:30.458558 7ff4c1bce700             Options.preserve_deletes: 0
2021/12/17-10:42:30.458559 7ff4c1bce700             Options.two_write_queues: 0
2021/12/17-10:42:30.458559 7ff4c1bce700             Options.manual_wal_flush: 0
2021/12/17-10:42:30.458560 7ff4c1bce700             Options.atomic_flush: 0
2021/12/17-10:42:30.458561 7ff4c1bce700             Options.avoid_unnecessary_blocking_io: 0
2021/12/17-10:42:30.458562 7ff4c1bce700                 Options.persist_stats_to_disk: 0
2021/12/17-10:42:30.458563 7ff4c1bce700                 Options.write_dbid_to_manifest: 0
2021/12/17-10:42:30.458564 7ff4c1bce700                 Options.log_readahead_size: 0
2021/12/17-10:42:30.458564 7ff4c1bce700                 Options.file_checksum_gen_factory: Unknown
2021/12/17-10:42:30.458565 7ff4c1bce700                 Options.best_efforts_recovery: 0
2021/12/17-10:42:30.458566 7ff4c1bce700                Options.max_bgerror_resume_count: 2147483647
2021/12/17-10:42:30.458567 7ff4c1bce700            Options.bgerror_resume_retry_interval: 1000000
2021/12/17-10:42:30.458568 7ff4c1bce700             Options.allow_data_in_errors: 0
2021/12/17-10:42:30.458569 7ff4c1bce700             Options.db_host_id: __hostname__
2021/12/17-10:42:30.458570 7ff4c1bce700             Options.max_background_jobs: 2
2021/12/17-10:42:30.458571 7ff4c1bce700             Options.max_background_compactions: -1
2021/12/17-10:42:30.458571 7ff4c1bce700             Options.max_subcompactions: 1
2021/12/17-10:42:30.458572 7ff4c1bce700             Options.avoid_flush_during_shutdown: 0
2021/12/17-10:42:30.458573 7ff4c1bce700           Options.writable_file_max_buffer_size: 1048576
2021/12/17-10:42:30.458574 7ff4c1bce700             Options.delayed_write_rate : 16777216
2021/12/17-10:42:30.458575 7ff4c1bce700             Options.max_total_wal_size: 0
2021/12/17-10:42:30.458576 7ff4c1bce700             Options.delete_obsolete_files_period_micros: 21600000000
2021/12/17-10:42:30.458577 7ff4c1bce700                   Options.stats_dump_period_sec: 0
2021/12/17-10:42:30.458577 7ff4c1bce700                 Options.stats_persist_period_sec: 0
2021/12/17-10:42:30.458578 7ff4c1bce700                 Options.stats_history_buffer_size: 65536
2021/12/17-10:42:30.458579 7ff4c1bce700                          Options.max_open_files: -1
2021/12/17-10:42:30.458580 7ff4c1bce700                          Options.bytes_per_sync: 0
2021/12/17-10:42:30.458581 7ff4c1bce700                      Options.wal_bytes_per_sync: 0
2021/12/17-10:42:30.458582 7ff4c1bce700                   Options.strict_bytes_per_sync: 0
2021/12/17-10:42:30.458583 7ff4c1bce700       Options.compaction_readahead_size: 0
2021/12/17-10:42:30.458583 7ff4c1bce700                  Options.max_background_flushes: -1
2021/12/17-10:42:30.458584 7ff4c1bce700 Compression algorithms supported:
2021/12/17-10:42:30.458590 7ff4c1bce700 	kZSTDNotFinalCompression supported: 1
2021/12/17-10:42:30.458591 7ff4c1bce700 	kZSTD supported: 1
2021/12/17-10:42:30.458592 7ff4c1bce700 	kXpressCompression supported: 0
2021/12/17-10:42:30.458593 7ff4c1bce700 	kLZ4HCCompression supported: 1
2021/12/17-10:42:30.458593 7ff4c1bce700 	kLZ4Compression supported: 1
2021/12/17-10:42:30.458594 7ff4c1bce700 	kBZip2Compression supported: 1
2021/12/17-10:42:30.458595 7ff4c1bce700 	kZlibCompression supported: 1
2021/12/17-10:42:30.458596 7ff4c1bce700 	kSnappyCompression supported: 1
2021/12/17-10:42:30.458597 7ff4c1bce700 Fast CRC32 supported: Not supported on x86
2021/12/17-10:42:30.472684 7ff4c1bce700 [/db_impl/db_impl_open.cc:285] Creating manifest 1 
2021/12/17-10:42:30.494065 7ff4c1bce700 [/version_set.cc:4627] Recovering from manifest file: /home/ubuntu/Documents/hivemq-ce-2021.3/data/persistence/retained_messages/040500_R/retained_messages_52/MANIFEST-000001
2021/12/17-10:42:30.514726 7ff4c1bce700 [/column_family.cc:598] --------------- Options for column family [default]:
2021/12/17-10:42:30.514730 7ff4c1bce700               Options.comparator: leveldb.BytewiseComparator
2021/12/17-10:42:30.514732 7ff4c1bce700           Options.merge_operator: None
2021/12/17-10:42:30.514733 7ff4c1bce700        Options.compaction_filter: None
2021/12/17-10:42:30.514733 7ff4c1bce700        Options.compaction_filter_factory: None
2021/12/17-10:42:30.514734 7ff4c1bce700  Options.sst_partitioner_factory: None
2021/12/17-10:42:30.514736 7ff4c1bce700         Options.memtable_factory: SkipListFactory
2021/12/17-10:42:30.514737 7ff4c1bce700            Options.table_factory: BlockBasedTable
2021/12/17-10:42:30.514758 7ff4c1bce700            table_factory options:   flush_block_policy_factory: FlushBlockBySizePolicyFactory (0x7ff4a006ca20)
  cache_index_and_filter_blocks: 0
  cache_index_and_filter_blocks_with_high_priority: 1
  pin_l0_filter_and_index_blocks_in_cache: 0
  pin_top_level_index_and_filter: 1
  index_type: 0
  data_block_index_type: 0
  index_shortening: 1
  data_block_hash_table_util_ratio: 0.750000
  hash_index_allow_collision: 1
  checksum: 1
  no_block_cache: 0
  block_cache: 0x7ff4a006c9a0
  block_cache_name: LRUCache
  block_cache_options:
    capacity : 128753152
    num_shard_bits : 6
    strict_capacity_limit : 0
    memory_allocator : None
    high_pri_pool_ratio: 0.000
  block_cache_compressed: (nil)
  persistent_cache: (nil)
  block_size: 32768
  block_size_deviation: 10
  block_restart_interval: 16
  index_block_restart_interval: 1
  metadata_block_size: 4096
  partition_filters: 0
  use_delta_encoding: 1
  filter_policy: nullptr
  whole_key_filtering: 1
  verify_compression: 0
  read_amp_bytes_per_bit: 0
  format_version: 5
  enable_index_compression: 1
  block_align: 0
2021/12/17-10:42:30.514761 7ff4c1bce700        Options.write_buffer_size: 4023536
2021/12/17-10:42:30.514762 7ff4c1bce700  Options.max_write_buffer_number: 2
2021/12/17-10:42:30.514763 7ff4c1bce700          Options.compression: Snappy
2021/12/17-10:42:30.514764 7ff4c1bce700                  Options.bottommost_compression: Disabled
2021/12/17-10:42:30.514765 7ff4c1bce700       Options.prefix_extractor: nullptr
2021/12/17-10:42:30.514766 7ff4c1bce700   Options.memtable_insert_with_hint_prefix_extractor: nullptr
2021/12/17-10:42:30.514767 7ff4c1bce700             Options.num_levels: 7
2021/12/17-10:42:30.514767 7ff4c1bce700        Options.min_write_buffer_number_to_merge: 1
2021/12/17-10:42:30.514768 7ff4c1bce700     Options.max_write_buffer_number_to_maintain: 0
2021/12/17-10:42:30.514769 7ff4c1bce700     Options.max_write_buffer_size_to_maintain: 0
2021/12/17-10:42:30.514770 7ff4c1bce700            Options.bottommost_compression_opts.window_bits: -14
2021/12/17-10:42:30.514771 7ff4c1bce700                  Options.bottommost_compression_opts.level: 32767
2021/12/17-10:42:30.514772 7ff4c1bce700               Options.bottommost_compression_opts.strategy: 0
2021/12/17-10:42:30.514773 7ff4c1bce700         Options.bottommost_compression_opts.max_dict_bytes: 0
2021/12/17-10:42:30.514785 7ff4c1bce700         Options.bottommost_compression_opts.zstd_max_train_bytes: 0
2021/12/17-10:42:30.514787 7ff4c1bce700         Options.bottommost_compression_opts.parallel_threads: 1
2021/12/17-10:42:30.514787 7ff4c1bce700                  Options.bottommost_compression_opts.enabled: false
2021/12/17-10:42:30.514788 7ff4c1bce700         Options.bottommost_compression_opts.max_dict_buffer_bytes: 0
2021/12/17-10:42:30.514789 7ff4c1bce700            Options.compression_opts.window_bits: -14
2021/12/17-10:42:30.514790 7ff4c1bce700                  Options.compression_opts.level: 32767
2021/12/17-10:42:30.514791 7ff4c1bce700               Options.compression_opts.strategy: 0
2021/12/17-10:42:30.514792 7ff4c1bce700         Options.compression_opts.max_dict_bytes: 0
2021/12/17-10:42:30.514793 7ff4c1bce700         Options.compression_opts.zstd_max_train_bytes: 0
2021/12/17-10:42:30.514794 7ff4c1bce700         Options.compression_opts.parallel_threads: 1
2021/12/17-10:42:30.514794 7ff4c1bce700                  Options.compression_opts.enabled: false
2021/12/17-10:42:30.514795 7ff4c1bce700         Options.compression_opts.max_dict_buffer_bytes: 0
2021/12/17-10:42:30.514796 7ff4c1bce700      Options.level0_file_num_compaction_trigger: 4
2021/12/17-10:42:30.514797 7ff4c1bce700          Options.level0_slowdown_writes_trigger: 20
2021/12/17-10:42:30.514798 7ff4c1bce700              Options.level0_stop_writes_trigger: 36
2021/12/17-10:42:30.514799 7ff4c1bce700                   Options.target_file_size_base: 67108864
2021/12/17-10:42:30.514799 7ff4c1bce700             Options.target_file_size_multiplier: 1
2021/12/17-10:42:30.514800 7ff4c1bce700                Options.max_bytes_for_level_base: 268435456
2021/12/17-10:42:30.514801 7ff4c1bce700 Options.level_compaction_dynamic_level_bytes: 0
2021/12/17-10:42:30.514803 7ff4c1bce700          Options.max_bytes_for_level_multiplier: 10.000000
2021/12/17-10:42:30.514804 7ff4c1bce700 Options.max_bytes_for_level_multiplier_addtl[0]: 1
2021/12/17-10:42:30.514805 7ff4c1bce700 Options.max_bytes_for_level_multiplier_addtl[1]: 1
2021/12/17-10:42:30.514806 7ff4c1bce700 Options.max_bytes_for_level_multiplier_addtl[2]: 1
2021/12/17-10:42:30.514807 7ff4c1bce700 Options.max_bytes_for_level_multiplier_addtl[3]: 1
2021/12/17-10:42:30.514808 7ff4c1bce700 Options.max_bytes_for_level_multiplier_addtl[4]: 1
2021/12/17-10:42:30.514808 7ff4c1bce700 Options.max_bytes_for_level_multiplier_addtl[5]: 1
2021/12/17-10:42:30.514809 7ff4c1bce700 Options.max_bytes_for_level_multiplier_addtl[6]: 1
2021/12/17-10:42:30.514810 7ff4c1bce700       Options.max_sequential_skip_in_iterations: 8
2021/12/17-10:42:30.514811 7ff4c1bce700                    Options.max_compaction_bytes: 1677721600
2021/12/17-10:42:30.514812 7ff4c1bce700                        Options.arena_block_size: 503808
2021/12/17-10:42:30.514813 7ff4c1bce700   Options.soft_pending_compaction_bytes_limit: 68719476736
2021/12/17-10:42:30.514814 7ff4c1bce700   Options.hard_pending_compaction_bytes_limit: 274877906944
2021/12/17-10:42:30.514815 7ff4c1bce700       Options.rate_limit_delay_max_milliseconds: 100
2021/12/17-10:42:30.515890 7ff4c1bce700                Options.disable_auto_compactions: 0
2021/12/17-10:42:30.515932 7ff4c1bce700                        Options.compaction_style: kCompactionStyleLevel
2021/12/17-10:42:30.515935 7ff4c1bce700                          Options.compaction_pri: kMinOverlappingRatio
2021/12/17-10:42:30.515936 7ff4c1bce700 Options.compaction_options_universal.size_ratio: 1
2021/12/17-10:42:30.515937 7ff4c1bce700 Options.compaction_options_universal.min_merge_width: 2
2021/12/17-10:42:30.515938 7ff4c1bce700 Options.compaction_options_universal.max_merge_width: 4294967295
2021/12/17-10:42:30.515940 7ff4c1bce700 Options.compaction_options_universal.max_size_amplification_percent: 200
2021/12/17-10:42:30.515941 7ff4c1bce700 Options.compaction_options_universal.compression_size_percent: -1
2021/12/17-10:42:30.515942 7ff4c1bce700 Options.compaction_options_universal.stop_style: kCompactionStopStyleTotalSize
2021/12/17-10:42:30.515957 7ff4c1bce700 Options.compaction_options_fifo.max_table_files_size: 1073741824
2021/12/17-10:42:30.515958 7ff4c1bce700 Options.compaction_options_fifo.allow_compaction: 0
2021/12/17-10:42:30.515962 7ff4c1bce700                   Options.table_properties_collectors: 
2021/12/17-10:42:30.515963 7ff4c1bce700                   Options.inplace_update_support: 0
2021/12/17-10:42:30.515964 7ff4c1bce700                 Options.inplace_update_num_locks: 10000
2021/12/17-10:42:30.515966 7ff4c1bce700               Options.memtable_prefix_bloom_size_ratio: 0.000000
2021/12/17-10:42:30.515968 7ff4c1bce700               Options.memtable_whole_key_filtering: 0
2021/12/17-10:42:30.515969 7ff4c1bce700   Options.memtable_huge_page_size: 0
2021/12/17-10:42:30.515970 7ff4c1bce700                           Options.bloom_locality: 0
2021/12/17-10:42:30.515971 7ff4c1bce700                    Options.max_successive_merges: 0
2021/12/17-10:42:30.515972 7ff4c1bce700                Options.optimize_filters_for_hits: 0
2021/12/17-10:42:30.515973 7ff4c1bce700                Options.paranoid_file_checks: 0
2021/12/17-10:42:30.515974 7ff4c1bce700                Options.force_consistency_checks: 1
2021/12/17-10:42:30.515975 7ff4c1bce700                Options.report_bg_io_stats: 0
2021/12/17-10:42:30.515976 7ff4c1bce700                               Options.ttl: 2592000
2021/12/17-10:42:30.515977 7ff4c1bce700          Options.periodic_compaction_seconds: 0
2021/12/17-10:42:30.515978 7ff4c1bce700                    Options.enable_blob_files: false
2021/12/17-10:42:30.515979 7ff4c1bce700                        Options.min_blob_size: 0
2021/12/17-10:42:30.515980 7ff4c1bce700                       Options.blob_file_size: 268435456
2021/12/17-10:42:30.515982 7ff4c1bce700                Options.blob_compression_type: NoCompression
2021/12/17-10:42:30.515983 7ff4c1bce700       Options.enable_blob_garbage_collection: false
2021/12/17-10:42:30.515984 7ff4c1bce700   Options.blob_garbage_collection_age_cutoff: 0.250000
2021/12/17-10:42:30.541100 7ff4c1bce700 [/version_set.cc:4675] Recovered from manifest file:/home/ubuntu/Documents/hivemq-ce-2021.3/data/persistence/retained_messages/040500_R/retained_messages_52/MANIFEST-000001 succeeded,manifest_file_number is 1, next_file_number is 3, last_sequence is 0, log_number is 0,prev_log_number is 0,max_column_family is 0,min_log_number_to_keep is 0
2021/12/17-10:42:30.541106 7ff4c1bce700 [/version_set.cc:4684] Column family [default] (ID 0), log number is 0
2021/12/17-10:42:30.541185 7ff4c1bce700 [/version_set.cc:4119] Creating manifest 4
2021/12/17-10:42:30.685775 7ff4c1bce700 [/db_impl/db_impl_open.cc:1757] SstFileManager instance 0x7ff4b81a6980
2021/12/17-10:42:30.685792 7ff4c1bce700 DB pointer 0x7ff4b81b9440
2021/12/17-10:50:52.431155 7ff4c1ccf700 [/db_impl/db_impl.cc:463] Shutdown: canceling all background work
2021/12/17-10:50:52.431304 7ff4c1ccf700 [/db_impl/db_impl.cc:642] Shutdown complete
