2021/12/17-10:42:29.507480 7ff4c24d7700 RocksDB version: 6.20.3
2021/12/17-10:42:29.507536 7ff4c24d7700 Compile date 2021-05-07 11:24:03
2021/12/17-10:42:29.507716 7ff4c24d7700 DB SUMMARY
2021/12/17-10:42:29.507721 7ff4c24d7700 DB Session ID:  KKOT8WJ3HDGRRVJYCLY6
2021/12/17-10:42:29.507752 7ff4c24d7700 SST files in /home/ubuntu/Documents/hivemq-ce-2021.3/data/persistence/publish_payload_store/040500_R/publish_payload_store_50 dir, Total Num: 0, files: 
2021/12/17-10:42:29.507755 7ff4c24d7700 Write Ahead Log file in /home/ubuntu/Documents/hivemq-ce-2021.3/data/persistence/publish_payload_store/040500_R/publish_payload_store_50: 
2021/12/17-10:42:29.507757 7ff4c24d7700                         Options.error_if_exists: 0
2021/12/17-10:42:29.507861 7ff4c24d7700                       Options.create_if_missing: 1
2021/12/17-10:42:29.507862 7ff4c24d7700                         Options.paranoid_checks: 1
2021/12/17-10:42:29.507863 7ff4c24d7700                               Options.track_and_verify_wals_in_manifest: 0
2021/12/17-10:42:29.507865 7ff4c24d7700                                     Options.env: 0x7ff4c35b80a0
2021/12/17-10:42:29.507866 7ff4c24d7700                                      Options.fs: Posix File System
2021/12/17-10:42:29.507867 7ff4c24d7700                                Options.info_log: 0x7ff49416db10
2021/12/17-10:42:29.507868 7ff4c24d7700                Options.max_file_opening_threads: 16
2021/12/17-10:42:29.507870 7ff4c24d7700                              Options.statistics: 0x7ff4ac004d30
2021/12/17-10:42:29.507871 7ff4c24d7700                               Options.use_fsync: 0
2021/12/17-10:42:29.507873 7ff4c24d7700                       Options.max_log_file_size: 512000
2021/12/17-10:42:29.507874 7ff4c24d7700                  Options.max_manifest_file_size: 1073741824
2021/12/17-10:42:29.507875 7ff4c24d7700                   Options.log_file_time_to_roll: 0
2021/12/17-10:42:29.507877 7ff4c24d7700                       Options.keep_log_file_num: 2
2021/12/17-10:42:29.507878 7ff4c24d7700                    Options.recycle_log_file_num: 0
2021/12/17-10:42:29.507880 7ff4c24d7700                         Options.allow_fallocate: 1
2021/12/17-10:42:29.507881 7ff4c24d7700                        Options.allow_mmap_reads: 0
2021/12/17-10:42:29.507883 7ff4c24d7700                       Options.allow_mmap_writes: 0
2021/12/17-10:42:29.507884 7ff4c24d7700                        Options.use_direct_reads: 0
2021/12/17-10:42:29.507886 7ff4c24d7700                        Options.use_direct_io_for_flush_and_compaction: 0
2021/12/17-10:42:29.507887 7ff4c24d7700          Options.create_missing_column_families: 0
2021/12/17-10:42:29.507888 7ff4c24d7700                              Options.db_log_dir: 
2021/12/17-10:42:29.507889 7ff4c24d7700                                 Options.wal_dir: /home/ubuntu/Documents/hivemq-ce-2021.3/data/persistence/publish_payload_store/040500_R/publish_payload_store_50
2021/12/17-10:42:29.507890 7ff4c24d7700                Options.table_cache_numshardbits: 6
2021/12/17-10:42:29.507891 7ff4c24d7700                         Options.WAL_ttl_seconds: 0
2021/12/17-10:42:29.507892 7ff4c24d7700                       Options.WAL_size_limit_MB: 0
2021/12/17-10:42:29.507893 7ff4c24d7700                        Options.max_write_batch_group_size_bytes: 1048576
2021/12/17-10:42:29.507894 7ff4c24d7700             Options.manifest_preallocation_size: 4194304
2021/12/17-10:42:29.507895 7ff4c24d7700                     Options.is_fd_close_on_exec: 1
2021/12/17-10:42:29.507895 7ff4c24d7700                   Options.advise_random_on_open: 1
2021/12/17-10:42:29.507896 7ff4c24d7700                    Options.db_write_buffer_size: 0
2021/12/17-10:42:29.507897 7ff4c24d7700                    Options.write_buffer_manager: 0x7ff4941654f0
2021/12/17-10:42:29.507898 7ff4c24d7700         Options.access_hint_on_compaction_start: 1
2021/12/17-10:42:29.507898 7ff4c24d7700  Options.new_table_reader_for_compaction_inputs: 0
2021/12/17-10:42:29.507899 7ff4c24d7700           Options.random_access_max_buffer_size: 1048576
2021/12/17-10:42:29.507900 7ff4c24d7700                      Options.use_adaptive_mutex: 0
2021/12/17-10:42:29.507914 7ff4c24d7700                            Options.rate_limiter: (nil)
2021/12/17-10:42:29.507915 7ff4c24d7700     Options.sst_file_manager.rate_bytes_per_sec: 0
2021/12/17-10:42:29.507916 7ff4c24d7700                       Options.wal_recovery_mode: 2
2021/12/17-10:42:29.507916 7ff4c24d7700                  Options.enable_thread_tracking: 0
2021/12/17-10:42:29.507917 7ff4c24d7700                  Options.enable_pipelined_write: 0
2021/12/17-10:42:29.507918 7ff4c24d7700                  Options.unordered_write: 0
2021/12/17-10:42:29.507919 7ff4c24d7700         Options.allow_concurrent_memtable_write: 1
2021/12/17-10:42:29.507920 7ff4c24d7700      Options.enable_write_thread_adaptive_yield: 1
2021/12/17-10:42:29.507920 7ff4c24d7700             Options.write_thread_max_yield_usec: 100
2021/12/17-10:42:29.507921 7ff4c24d7700            Options.write_thread_slow_yield_usec: 3
2021/12/17-10:42:29.507922 7ff4c24d7700                               Options.row_cache: None
2021/12/17-10:42:29.507923 7ff4c24d7700                              Options.wal_filter: None
2021/12/17-10:42:29.507924 7ff4c24d7700             Options.avoid_flush_during_recovery: 0
2021/12/17-10:42:29.507925 7ff4c24d7700             Options.allow_ingest_behind: 0
2021/12/17-10:42:29.507926 7ff4c24d7700             Options.preserve_deletes: 0
2021/12/17-10:42:29.507927 7ff4c24d7700             Options.two_write_queues: 0
2021/12/17-10:42:29.507927 7ff4c24d7700             Options.manual_wal_flush: 0
2021/12/17-10:42:29.507928 7ff4c24d7700             Options.atomic_flush: 0
2021/12/17-10:42:29.507929 7ff4c24d7700             Options.avoid_unnecessary_blocking_io: 0
2021/12/17-10:42:29.507930 7ff4c24d7700                 Options.persist_stats_to_disk: 0
2021/12/17-10:42:29.507931 7ff4c24d7700                 Options.write_dbid_to_manifest: 0
2021/12/17-10:42:29.507931 7ff4c24d7700                 Options.log_readahead_size: 0
2021/12/17-10:42:29.507932 7ff4c24d7700                 Options.file_checksum_gen_factory: Unknown
2021/12/17-10:42:29.507933 7ff4c24d7700                 Options.best_efforts_recovery: 0
2021/12/17-10:42:29.507934 7ff4c24d7700                Options.max_bgerror_resume_count: 2147483647
2021/12/17-10:42:29.507935 7ff4c24d7700            Options.bgerror_resume_retry_interval: 1000000
2021/12/17-10:42:29.507936 7ff4c24d7700             Options.allow_data_in_errors: 0
2021/12/17-10:42:29.507937 7ff4c24d7700             Options.db_host_id: __hostname__
2021/12/17-10:42:29.507938 7ff4c24d7700             Options.max_background_jobs: 2
2021/12/17-10:42:29.507938 7ff4c24d7700             Options.max_background_compactions: -1
2021/12/17-10:42:29.507939 7ff4c24d7700             Options.max_subcompactions: 1
2021/12/17-10:42:29.507940 7ff4c24d7700             Options.avoid_flush_during_shutdown: 0
2021/12/17-10:42:29.507941 7ff4c24d7700           Options.writable_file_max_buffer_size: 1048576
2021/12/17-10:42:29.507942 7ff4c24d7700             Options.delayed_write_rate : 16777216
2021/12/17-10:42:29.507943 7ff4c24d7700             Options.max_total_wal_size: 0
2021/12/17-10:42:29.507944 7ff4c24d7700             Options.delete_obsolete_files_period_micros: 21600000000
2021/12/17-10:42:29.507944 7ff4c24d7700                   Options.stats_dump_period_sec: 0
2021/12/17-10:42:29.507945 7ff4c24d7700                 Options.stats_persist_period_sec: 0
2021/12/17-10:42:29.507946 7ff4c24d7700                 Options.stats_history_buffer_size: 65536
2021/12/17-10:42:29.507947 7ff4c24d7700                          Options.max_open_files: -1
2021/12/17-10:42:29.507948 7ff4c24d7700                          Options.bytes_per_sync: 0
2021/12/17-10:42:29.507949 7ff4c24d7700                      Options.wal_bytes_per_sync: 0
2021/12/17-10:42:29.507950 7ff4c24d7700                   Options.strict_bytes_per_sync: 0
2021/12/17-10:42:29.507950 7ff4c24d7700       Options.compaction_readahead_size: 0
2021/12/17-10:42:29.507951 7ff4c24d7700                  Options.max_background_flushes: -1
2021/12/17-10:42:29.507952 7ff4c24d7700 Compression algorithms supported:
2021/12/17-10:42:29.507958 7ff4c24d7700 	kZSTDNotFinalCompression supported: 1
2021/12/17-10:42:29.507960 7ff4c24d7700 	kZSTD supported: 1
2021/12/17-10:42:29.507961 7ff4c24d7700 	kXpressCompression supported: 0
2021/12/17-10:42:29.507961 7ff4c24d7700 	kLZ4HCCompression supported: 1
2021/12/17-10:42:29.507962 7ff4c24d7700 	kLZ4Compression supported: 1
2021/12/17-10:42:29.507963 7ff4c24d7700 	kBZip2Compression supported: 1
2021/12/17-10:42:29.507964 7ff4c24d7700 	kZlibCompression supported: 1
2021/12/17-10:42:29.507965 7ff4c24d7700 	kSnappyCompression supported: 1
2021/12/17-10:42:29.507967 7ff4c24d7700 Fast CRC32 supported: Not supported on x86
2021/12/17-10:42:29.520238 7ff4c24d7700 [/db_impl/db_impl_open.cc:285] Creating manifest 1 
2021/12/17-10:42:29.559591 7ff4c24d7700 [/version_set.cc:4627] Recovering from manifest file: /home/ubuntu/Documents/hivemq-ce-2021.3/data/persistence/publish_payload_store/040500_R/publish_payload_store_50/MANIFEST-000001
2021/12/17-10:42:29.560224 7ff4c24d7700 [/column_family.cc:598] --------------- Options for column family [default]:
2021/12/17-10:42:29.560230 7ff4c24d7700               Options.comparator: leveldb.BytewiseComparator
2021/12/17-10:42:29.560231 7ff4c24d7700           Options.merge_operator: None
2021/12/17-10:42:29.560232 7ff4c24d7700        Options.compaction_filter: None
2021/12/17-10:42:29.560233 7ff4c24d7700        Options.compaction_filter_factory: None
2021/12/17-10:42:29.560234 7ff4c24d7700  Options.sst_partitioner_factory: None
2021/12/17-10:42:29.560235 7ff4c24d7700         Options.memtable_factory: SkipListFactory
2021/12/17-10:42:29.560236 7ff4c24d7700            Options.table_factory: BlockBasedTable
2021/12/17-10:42:29.560256 7ff4c24d7700            table_factory options:   flush_block_policy_factory: FlushBlockBySizePolicyFactory (0x7ff4ac079670)
  cache_index_and_filter_blocks: 0
  cache_index_and_filter_blocks_with_high_priority: 1
  pin_l0_filter_and_index_blocks_in_cache: 0
  pin_top_level_index_and_filter: 1
  index_type: 0
  data_block_index_type: 0
  index_shortening: 1
  data_block_hash_table_util_ratio: 0.750000
  hash_index_allow_collision: 1
  checksum: 1
  no_block_cache: 0
  block_cache: 0x7ff4ac005750
  block_cache_name: LRUCache
  block_cache_options:
    capacity : 128753152
    num_shard_bits : 6
    strict_capacity_limit : 0
    memory_allocator : None
    high_pri_pool_ratio: 0.000
  block_cache_compressed: (nil)
  persistent_cache: (nil)
  block_size: 32768
  block_size_deviation: 10
  block_restart_interval: 16
  index_block_restart_interval: 1
  metadata_block_size: 4096
  partition_filters: 0
  use_delta_encoding: 1
  filter_policy: nullptr
  whole_key_filtering: 1
  verify_compression: 0
  read_amp_bytes_per_bit: 0
  format_version: 5
  enable_index_compression: 1
  block_align: 0
2021/12/17-10:42:29.560258 7ff4c24d7700        Options.write_buffer_size: 4023536
2021/12/17-10:42:29.560259 7ff4c24d7700  Options.max_write_buffer_number: 2
2021/12/17-10:42:29.560260 7ff4c24d7700          Options.compression: Snappy
2021/12/17-10:42:29.560261 7ff4c24d7700                  Options.bottommost_compression: Disabled
2021/12/17-10:42:29.560262 7ff4c24d7700       Options.prefix_extractor: nullptr
2021/12/17-10:42:29.560263 7ff4c24d7700   Options.memtable_insert_with_hint_prefix_extractor: nullptr
2021/12/17-10:42:29.560264 7ff4c24d7700             Options.num_levels: 7
2021/12/17-10:42:29.560265 7ff4c24d7700        Options.min_write_buffer_number_to_merge: 1
2021/12/17-10:42:29.560265 7ff4c24d7700     Options.max_write_buffer_number_to_maintain: 0
2021/12/17-10:42:29.560266 7ff4c24d7700     Options.max_write_buffer_size_to_maintain: 0
2021/12/17-10:42:29.560267 7ff4c24d7700            Options.bottommost_compression_opts.window_bits: -14
2021/12/17-10:42:29.560268 7ff4c24d7700                  Options.bottommost_compression_opts.level: 32767
2021/12/17-10:42:29.560269 7ff4c24d7700               Options.bottommost_compression_opts.strategy: 0
2021/12/17-10:42:29.560270 7ff4c24d7700         Options.bottommost_compression_opts.max_dict_bytes: 0
2021/12/17-10:42:29.560285 7ff4c24d7700         Options.bottommost_compression_opts.zstd_max_train_bytes: 0
2021/12/17-10:42:29.560286 7ff4c24d7700         Options.bottommost_compression_opts.parallel_threads: 1
2021/12/17-10:42:29.560287 7ff4c24d7700                  Options.bottommost_compression_opts.enabled: false
2021/12/17-10:42:29.560288 7ff4c24d7700         Options.bottommost_compression_opts.max_dict_buffer_bytes: 0
2021/12/17-10:42:29.560289 7ff4c24d7700            Options.compression_opts.window_bits: -14
2021/12/17-10:42:29.560290 7ff4c24d7700                  Options.compression_opts.level: 32767
2021/12/17-10:42:29.560290 7ff4c24d7700               Options.compression_opts.strategy: 0
2021/12/17-10:42:29.560291 7ff4c24d7700         Options.compression_opts.max_dict_bytes: 0
2021/12/17-10:42:29.560292 7ff4c24d7700         Options.compression_opts.zstd_max_train_bytes: 0
2021/12/17-10:42:29.560293 7ff4c24d7700         Options.compression_opts.parallel_threads: 1
2021/12/17-10:42:29.560294 7ff4c24d7700                  Options.compression_opts.enabled: false
2021/12/17-10:42:29.560295 7ff4c24d7700         Options.compression_opts.max_dict_buffer_bytes: 0
2021/12/17-10:42:29.560296 7ff4c24d7700      Options.level0_file_num_compaction_trigger: 4
2021/12/17-10:42:29.560296 7ff4c24d7700          Options.level0_slowdown_writes_trigger: 20
2021/12/17-10:42:29.560297 7ff4c24d7700              Options.level0_stop_writes_trigger: 36
2021/12/17-10:42:29.560298 7ff4c24d7700                   Options.target_file_size_base: 67108864
2021/12/17-10:42:29.560299 7ff4c24d7700             Options.target_file_size_multiplier: 1
2021/12/17-10:42:29.560300 7ff4c24d7700                Options.max_bytes_for_level_base: 268435456
2021/12/17-10:42:29.560301 7ff4c24d7700 Options.level_compaction_dynamic_level_bytes: 0
2021/12/17-10:42:29.560302 7ff4c24d7700          Options.max_bytes_for_level_multiplier: 10.000000
2021/12/17-10:42:29.560305 7ff4c24d7700 Options.max_bytes_for_level_multiplier_addtl[0]: 1
2021/12/17-10:42:29.560306 7ff4c24d7700 Options.max_bytes_for_level_multiplier_addtl[1]: 1
2021/12/17-10:42:29.560307 7ff4c24d7700 Options.max_bytes_for_level_multiplier_addtl[2]: 1
2021/12/17-10:42:29.560308 7ff4c24d7700 Options.max_bytes_for_level_multiplier_addtl[3]: 1
2021/12/17-10:42:29.560309 7ff4c24d7700 Options.max_bytes_for_level_multiplier_addtl[4]: 1
2021/12/17-10:42:29.560310 7ff4c24d7700 Options.max_bytes_for_level_multiplier_addtl[5]: 1
2021/12/17-10:42:29.560310 7ff4c24d7700 Options.max_bytes_for_level_multiplier_addtl[6]: 1
2021/12/17-10:42:29.560311 7ff4c24d7700       Options.max_sequential_skip_in_iterations: 8
2021/12/17-10:42:29.560312 7ff4c24d7700                    Options.max_compaction_bytes: 1677721600
2021/12/17-10:42:29.560313 7ff4c24d7700                        Options.arena_block_size: 503808
2021/12/17-10:42:29.560314 7ff4c24d7700   Options.soft_pending_compaction_bytes_limit: 68719476736
2021/12/17-10:42:29.560315 7ff4c24d7700   Options.hard_pending_compaction_bytes_limit: 274877906944
2021/12/17-10:42:29.560316 7ff4c24d7700       Options.rate_limit_delay_max_milliseconds: 100
2021/12/17-10:42:29.560316 7ff4c24d7700                Options.disable_auto_compactions: 0
2021/12/17-10:42:29.560318 7ff4c24d7700                        Options.compaction_style: kCompactionStyleLevel
2021/12/17-10:42:29.560319 7ff4c24d7700                          Options.compaction_pri: kMinOverlappingRatio
2021/12/17-10:42:29.560320 7ff4c24d7700 Options.compaction_options_universal.size_ratio: 1
2021/12/17-10:42:29.560320 7ff4c24d7700 Options.compaction_options_universal.min_merge_width: 2
2021/12/17-10:42:29.560321 7ff4c24d7700 Options.compaction_options_universal.max_merge_width: 4294967295
2021/12/17-10:42:29.560324 7ff4c24d7700 Options.compaction_options_universal.max_size_amplification_percent: 200
2021/12/17-10:42:29.560325 7ff4c24d7700 Options.compaction_options_universal.compression_size_percent: -1
2021/12/17-10:42:29.560326 7ff4c24d7700 Options.compaction_options_universal.stop_style: kCompactionStopStyleTotalSize
2021/12/17-10:42:29.560332 7ff4c24d7700 Options.compaction_options_fifo.max_table_files_size: 1073741824
2021/12/17-10:42:29.560333 7ff4c24d7700 Options.compaction_options_fifo.allow_compaction: 0
2021/12/17-10:42:29.560338 7ff4c24d7700                   Options.table_properties_collectors: 
2021/12/17-10:42:29.560339 7ff4c24d7700                   Options.inplace_update_support: 0
2021/12/17-10:42:29.560339 7ff4c24d7700                 Options.inplace_update_num_locks: 10000
2021/12/17-10:42:29.560341 7ff4c24d7700               Options.memtable_prefix_bloom_size_ratio: 0.000000
2021/12/17-10:42:29.560342 7ff4c24d7700               Options.memtable_whole_key_filtering: 0
2021/12/17-10:42:29.560342 7ff4c24d7700   Options.memtable_huge_page_size: 0
2021/12/17-10:42:29.560343 7ff4c24d7700                           Options.bloom_locality: 0
2021/12/17-10:42:29.560344 7ff4c24d7700                    Options.max_successive_merges: 0
2021/12/17-10:42:29.560346 7ff4c24d7700                Options.optimize_filters_for_hits: 0
2021/12/17-10:42:29.560347 7ff4c24d7700                Options.paranoid_file_checks: 0
2021/12/17-10:42:29.560349 7ff4c24d7700                Options.force_consistency_checks: 1
2021/12/17-10:42:29.560350 7ff4c24d7700                Options.report_bg_io_stats: 0
2021/12/17-10:42:29.560351 7ff4c24d7700                               Options.ttl: 2592000
2021/12/17-10:42:29.560352 7ff4c24d7700          Options.periodic_compaction_seconds: 0
2021/12/17-10:42:29.560353 7ff4c24d7700                    Options.enable_blob_files: false
2021/12/17-10:42:29.560354 7ff4c24d7700                        Options.min_blob_size: 0
2021/12/17-10:42:29.560354 7ff4c24d7700                       Options.blob_file_size: 268435456
2021/12/17-10:42:29.560355 7ff4c24d7700                Options.blob_compression_type: NoCompression
2021/12/17-10:42:29.560356 7ff4c24d7700       Options.enable_blob_garbage_collection: false
2021/12/17-10:42:29.560357 7ff4c24d7700   Options.blob_garbage_collection_age_cutoff: 0.250000
2021/12/17-10:42:29.591751 7ff4c24d7700 [/version_set.cc:4675] Recovered from manifest file:/home/ubuntu/Documents/hivemq-ce-2021.3/data/persistence/publish_payload_store/040500_R/publish_payload_store_50/MANIFEST-000001 succeeded,manifest_file_number is 1, next_file_number is 3, last_sequence is 0, log_number is 0,prev_log_number is 0,max_column_family is 0,min_log_number_to_keep is 0
2021/12/17-10:42:29.591755 7ff4c24d7700 [/version_set.cc:4684] Column family [default] (ID 0), log number is 0
2021/12/17-10:42:29.591813 7ff4c24d7700 [/version_set.cc:4119] Creating manifest 4
2021/12/17-10:42:29.709018 7ff4c24d7700 [/db_impl/db_impl_open.cc:1757] SstFileManager instance 0x7ff494166ab0
2021/12/17-10:42:29.709034 7ff4c24d7700 DB pointer 0x7ff494191760
2021/12/17-10:50:52.597519 7ff48aff0700 [/db_impl/db_impl.cc:463] Shutdown: canceling all background work
2021/12/17-10:50:52.598583 7ff48aff0700 [/db_impl/db_impl.cc:642] Shutdown complete
