2021/12/17-10:42:30.356572 7ff4c19cc700 RocksDB version: 6.20.3
2021/12/17-10:42:30.356598 7ff4c19cc700 Compile date 2021-05-07 11:24:03
2021/12/17-10:42:30.356628 7ff4c19cc700 DB SUMMARY
2021/12/17-10:42:30.356629 7ff4c19cc700 DB Session ID:  ZE7F30UOD2PTA2EBT8AL
2021/12/17-10:42:30.356642 7ff4c19cc700 SST files in /home/ubuntu/Documents/hivemq-ce-2021.3/data/persistence/retained_messages/040500_R/retained_messages_45 dir, Total Num: 0, files: 
2021/12/17-10:42:30.356643 7ff4c19cc700 Write Ahead Log file in /home/ubuntu/Documents/hivemq-ce-2021.3/data/persistence/retained_messages/040500_R/retained_messages_45: 
2021/12/17-10:42:30.356645 7ff4c19cc700                         Options.error_if_exists: 0
2021/12/17-10:42:30.356646 7ff4c19cc700                       Options.create_if_missing: 1
2021/12/17-10:42:30.356820 7ff4c19cc700                         Options.paranoid_checks: 1
2021/12/17-10:42:30.356822 7ff4c19cc700                               Options.track_and_verify_wals_in_manifest: 0
2021/12/17-10:42:30.356823 7ff4c19cc700                                     Options.env: 0x7ff4c35b80a0
2021/12/17-10:42:30.356825 7ff4c19cc700                                      Options.fs: Posix File System
2021/12/17-10:42:30.356826 7ff4c19cc700                                Options.info_log: 0x7ff4bc175210
2021/12/17-10:42:30.356829 7ff4c19cc700                Options.max_file_opening_threads: 16
2021/12/17-10:42:30.356830 7ff4c19cc700                              Options.statistics: 0x7ff4a0003190
2021/12/17-10:42:30.356831 7ff4c19cc700                               Options.use_fsync: 0
2021/12/17-10:42:30.356956 7ff4c19cc700                       Options.max_log_file_size: 512000
2021/12/17-10:42:30.356959 7ff4c19cc700                  Options.max_manifest_file_size: 1073741824
2021/12/17-10:42:30.356960 7ff4c19cc700                   Options.log_file_time_to_roll: 0
2021/12/17-10:42:30.356961 7ff4c19cc700                       Options.keep_log_file_num: 2
2021/12/17-10:42:30.356962 7ff4c19cc700                    Options.recycle_log_file_num: 0
2021/12/17-10:42:30.356963 7ff4c19cc700                         Options.allow_fallocate: 1
2021/12/17-10:42:30.356964 7ff4c19cc700                        Options.allow_mmap_reads: 0
2021/12/17-10:42:30.356965 7ff4c19cc700                       Options.allow_mmap_writes: 0
2021/12/17-10:42:30.356966 7ff4c19cc700                        Options.use_direct_reads: 0
2021/12/17-10:42:30.356968 7ff4c19cc700                        Options.use_direct_io_for_flush_and_compaction: 0
2021/12/17-10:42:30.356969 7ff4c19cc700          Options.create_missing_column_families: 0
2021/12/17-10:42:30.356970 7ff4c19cc700                              Options.db_log_dir: 
2021/12/17-10:42:30.356971 7ff4c19cc700                                 Options.wal_dir: /home/ubuntu/Documents/hivemq-ce-2021.3/data/persistence/retained_messages/040500_R/retained_messages_45
2021/12/17-10:42:30.356974 7ff4c19cc700                Options.table_cache_numshardbits: 6
2021/12/17-10:42:30.356975 7ff4c19cc700                         Options.WAL_ttl_seconds: 0
2021/12/17-10:42:30.356977 7ff4c19cc700                       Options.WAL_size_limit_MB: 0
2021/12/17-10:42:30.356978 7ff4c19cc700                        Options.max_write_batch_group_size_bytes: 1048576
2021/12/17-10:42:30.356980 7ff4c19cc700             Options.manifest_preallocation_size: 4194304
2021/12/17-10:42:30.356981 7ff4c19cc700                     Options.is_fd_close_on_exec: 1
2021/12/17-10:42:30.356982 7ff4c19cc700                   Options.advise_random_on_open: 1
2021/12/17-10:42:30.356983 7ff4c19cc700                    Options.db_write_buffer_size: 0
2021/12/17-10:42:30.356984 7ff4c19cc700                    Options.write_buffer_manager: 0x7ff4bc1af000
2021/12/17-10:42:30.356986 7ff4c19cc700         Options.access_hint_on_compaction_start: 1
2021/12/17-10:42:30.356987 7ff4c19cc700  Options.new_table_reader_for_compaction_inputs: 0
2021/12/17-10:42:30.356988 7ff4c19cc700           Options.random_access_max_buffer_size: 1048576
2021/12/17-10:42:30.356989 7ff4c19cc700                      Options.use_adaptive_mutex: 0
2021/12/17-10:42:30.357002 7ff4c19cc700                            Options.rate_limiter: (nil)
2021/12/17-10:42:30.357003 7ff4c19cc700     Options.sst_file_manager.rate_bytes_per_sec: 0
2021/12/17-10:42:30.357004 7ff4c19cc700                       Options.wal_recovery_mode: 2
2021/12/17-10:42:30.357005 7ff4c19cc700                  Options.enable_thread_tracking: 0
2021/12/17-10:42:30.357006 7ff4c19cc700                  Options.enable_pipelined_write: 0
2021/12/17-10:42:30.357007 7ff4c19cc700                  Options.unordered_write: 0
2021/12/17-10:42:30.357008 7ff4c19cc700         Options.allow_concurrent_memtable_write: 1
2021/12/17-10:42:30.357009 7ff4c19cc700      Options.enable_write_thread_adaptive_yield: 1
2021/12/17-10:42:30.357010 7ff4c19cc700             Options.write_thread_max_yield_usec: 100
2021/12/17-10:42:30.357011 7ff4c19cc700            Options.write_thread_slow_yield_usec: 3
2021/12/17-10:42:30.357012 7ff4c19cc700                               Options.row_cache: None
2021/12/17-10:42:30.357014 7ff4c19cc700                              Options.wal_filter: None
2021/12/17-10:42:30.357015 7ff4c19cc700             Options.avoid_flush_during_recovery: 0
2021/12/17-10:42:30.357015 7ff4c19cc700             Options.allow_ingest_behind: 0
2021/12/17-10:42:30.357016 7ff4c19cc700             Options.preserve_deletes: 0
2021/12/17-10:42:30.357017 7ff4c19cc700             Options.two_write_queues: 0
2021/12/17-10:42:30.357018 7ff4c19cc700             Options.manual_wal_flush: 0
2021/12/17-10:42:30.357019 7ff4c19cc700             Options.atomic_flush: 0
2021/12/17-10:42:30.357020 7ff4c19cc700             Options.avoid_unnecessary_blocking_io: 0
2021/12/17-10:42:30.357021 7ff4c19cc700                 Options.persist_stats_to_disk: 0
2021/12/17-10:42:30.357022 7ff4c19cc700                 Options.write_dbid_to_manifest: 0
2021/12/17-10:42:30.357023 7ff4c19cc700                 Options.log_readahead_size: 0
2021/12/17-10:42:30.357024 7ff4c19cc700                 Options.file_checksum_gen_factory: Unknown
2021/12/17-10:42:30.357025 7ff4c19cc700                 Options.best_efforts_recovery: 0
2021/12/17-10:42:30.357026 7ff4c19cc700                Options.max_bgerror_resume_count: 2147483647
2021/12/17-10:42:30.357027 7ff4c19cc700            Options.bgerror_resume_retry_interval: 1000000
2021/12/17-10:42:30.357028 7ff4c19cc700             Options.allow_data_in_errors: 0
2021/12/17-10:42:30.357029 7ff4c19cc700             Options.db_host_id: __hostname__
2021/12/17-10:42:30.357030 7ff4c19cc700             Options.max_background_jobs: 2
2021/12/17-10:42:30.357031 7ff4c19cc700             Options.max_background_compactions: -1
2021/12/17-10:42:30.357032 7ff4c19cc700             Options.max_subcompactions: 1
2021/12/17-10:42:30.357033 7ff4c19cc700             Options.avoid_flush_during_shutdown: 0
2021/12/17-10:42:30.357034 7ff4c19cc700           Options.writable_file_max_buffer_size: 1048576
2021/12/17-10:42:30.357035 7ff4c19cc700             Options.delayed_write_rate : 16777216
2021/12/17-10:42:30.357036 7ff4c19cc700             Options.max_total_wal_size: 0
2021/12/17-10:42:30.357037 7ff4c19cc700             Options.delete_obsolete_files_period_micros: 21600000000
2021/12/17-10:42:30.357038 7ff4c19cc700                   Options.stats_dump_period_sec: 0
2021/12/17-10:42:30.357039 7ff4c19cc700                 Options.stats_persist_period_sec: 0
2021/12/17-10:42:30.357040 7ff4c19cc700                 Options.stats_history_buffer_size: 65536
2021/12/17-10:42:30.357041 7ff4c19cc700                          Options.max_open_files: -1
2021/12/17-10:42:30.357042 7ff4c19cc700                          Options.bytes_per_sync: 0
2021/12/17-10:42:30.357043 7ff4c19cc700                      Options.wal_bytes_per_sync: 0
2021/12/17-10:42:30.357044 7ff4c19cc700                   Options.strict_bytes_per_sync: 0
2021/12/17-10:42:30.357045 7ff4c19cc700       Options.compaction_readahead_size: 0
2021/12/17-10:42:30.357046 7ff4c19cc700                  Options.max_background_flushes: -1
2021/12/17-10:42:30.357047 7ff4c19cc700 Compression algorithms supported:
2021/12/17-10:42:30.357053 7ff4c19cc700 	kZSTDNotFinalCompression supported: 1
2021/12/17-10:42:30.357054 7ff4c19cc700 	kZSTD supported: 1
2021/12/17-10:42:30.357055 7ff4c19cc700 	kXpressCompression supported: 0
2021/12/17-10:42:30.357056 7ff4c19cc700 	kLZ4HCCompression supported: 1
2021/12/17-10:42:30.357057 7ff4c19cc700 	kLZ4Compression supported: 1
2021/12/17-10:42:30.357058 7ff4c19cc700 	kBZip2Compression supported: 1
2021/12/17-10:42:30.357059 7ff4c19cc700 	kZlibCompression supported: 1
2021/12/17-10:42:30.357060 7ff4c19cc700 	kSnappyCompression supported: 1
2021/12/17-10:42:30.357062 7ff4c19cc700 Fast CRC32 supported: Not supported on x86
2021/12/17-10:42:30.382191 7ff4c19cc700 [/db_impl/db_impl_open.cc:285] Creating manifest 1 
2021/12/17-10:42:30.457108 7ff4c19cc700 [/version_set.cc:4627] Recovering from manifest file: /home/ubuntu/Documents/hivemq-ce-2021.3/data/persistence/retained_messages/040500_R/retained_messages_45/MANIFEST-000001
2021/12/17-10:42:30.457300 7ff4c19cc700 [/column_family.cc:598] --------------- Options for column family [default]:
2021/12/17-10:42:30.457331 7ff4c19cc700               Options.comparator: leveldb.BytewiseComparator
2021/12/17-10:42:30.457335 7ff4c19cc700           Options.merge_operator: None
2021/12/17-10:42:30.457339 7ff4c19cc700        Options.compaction_filter: None
2021/12/17-10:42:30.457341 7ff4c19cc700        Options.compaction_filter_factory: None
2021/12/17-10:42:30.457343 7ff4c19cc700  Options.sst_partitioner_factory: None
2021/12/17-10:42:30.457345 7ff4c19cc700         Options.memtable_factory: SkipListFactory
2021/12/17-10:42:30.457346 7ff4c19cc700            Options.table_factory: BlockBasedTable
2021/12/17-10:42:30.457373 7ff4c19cc700            table_factory options:   flush_block_policy_factory: FlushBlockBySizePolicyFactory (0x7ff4a006ca20)
  cache_index_and_filter_blocks: 0
  cache_index_and_filter_blocks_with_high_priority: 1
  pin_l0_filter_and_index_blocks_in_cache: 0
  pin_top_level_index_and_filter: 1
  index_type: 0
  data_block_index_type: 0
  index_shortening: 1
  data_block_hash_table_util_ratio: 0.750000
  hash_index_allow_collision: 1
  checksum: 1
  no_block_cache: 0
  block_cache: 0x7ff4a006c9a0
  block_cache_name: LRUCache
  block_cache_options:
    capacity : 128753152
    num_shard_bits : 6
    strict_capacity_limit : 0
    memory_allocator : None
    high_pri_pool_ratio: 0.000
  block_cache_compressed: (nil)
  persistent_cache: (nil)
  block_size: 32768
  block_size_deviation: 10
  block_restart_interval: 16
  index_block_restart_interval: 1
  metadata_block_size: 4096
  partition_filters: 0
  use_delta_encoding: 1
  filter_policy: nullptr
  whole_key_filtering: 1
  verify_compression: 0
  read_amp_bytes_per_bit: 0
  format_version: 5
  enable_index_compression: 1
  block_align: 0
2021/12/17-10:42:30.457378 7ff4c19cc700        Options.write_buffer_size: 4023536
2021/12/17-10:42:30.457380 7ff4c19cc700  Options.max_write_buffer_number: 2
2021/12/17-10:42:30.457381 7ff4c19cc700          Options.compression: Snappy
2021/12/17-10:42:30.457384 7ff4c19cc700                  Options.bottommost_compression: Disabled
2021/12/17-10:42:30.457386 7ff4c19cc700       Options.prefix_extractor: nullptr
2021/12/17-10:42:30.457388 7ff4c19cc700   Options.memtable_insert_with_hint_prefix_extractor: nullptr
2021/12/17-10:42:30.457389 7ff4c19cc700             Options.num_levels: 7
2021/12/17-10:42:30.457390 7ff4c19cc700        Options.min_write_buffer_number_to_merge: 1
2021/12/17-10:42:30.457392 7ff4c19cc700     Options.max_write_buffer_number_to_maintain: 0
2021/12/17-10:42:30.457393 7ff4c19cc700     Options.max_write_buffer_size_to_maintain: 0
2021/12/17-10:42:30.457395 7ff4c19cc700            Options.bottommost_compression_opts.window_bits: -14
2021/12/17-10:42:30.457397 7ff4c19cc700                  Options.bottommost_compression_opts.level: 32767
2021/12/17-10:42:30.457402 7ff4c19cc700               Options.bottommost_compression_opts.strategy: 0
2021/12/17-10:42:30.457404 7ff4c19cc700         Options.bottommost_compression_opts.max_dict_bytes: 0
2021/12/17-10:42:30.457452 7ff4c19cc700         Options.bottommost_compression_opts.zstd_max_train_bytes: 0
2021/12/17-10:42:30.457453 7ff4c19cc700         Options.bottommost_compression_opts.parallel_threads: 1
2021/12/17-10:42:30.457454 7ff4c19cc700                  Options.bottommost_compression_opts.enabled: false
2021/12/17-10:42:30.457455 7ff4c19cc700         Options.bottommost_compression_opts.max_dict_buffer_bytes: 0
2021/12/17-10:42:30.457456 7ff4c19cc700            Options.compression_opts.window_bits: -14
2021/12/17-10:42:30.457456 7ff4c19cc700                  Options.compression_opts.level: 32767
2021/12/17-10:42:30.457457 7ff4c19cc700               Options.compression_opts.strategy: 0
2021/12/17-10:42:30.457458 7ff4c19cc700         Options.compression_opts.max_dict_bytes: 0
2021/12/17-10:42:30.457459 7ff4c19cc700         Options.compression_opts.zstd_max_train_bytes: 0
2021/12/17-10:42:30.457460 7ff4c19cc700         Options.compression_opts.parallel_threads: 1
2021/12/17-10:42:30.457461 7ff4c19cc700                  Options.compression_opts.enabled: false
2021/12/17-10:42:30.457462 7ff4c19cc700         Options.compression_opts.max_dict_buffer_bytes: 0
2021/12/17-10:42:30.457462 7ff4c19cc700      Options.level0_file_num_compaction_trigger: 4
2021/12/17-10:42:30.457463 7ff4c19cc700          Options.level0_slowdown_writes_trigger: 20
2021/12/17-10:42:30.457464 7ff4c19cc700              Options.level0_stop_writes_trigger: 36
2021/12/17-10:42:30.457465 7ff4c19cc700                   Options.target_file_size_base: 67108864
2021/12/17-10:42:30.457466 7ff4c19cc700             Options.target_file_size_multiplier: 1
2021/12/17-10:42:30.457467 7ff4c19cc700                Options.max_bytes_for_level_base: 268435456
2021/12/17-10:42:30.457467 7ff4c19cc700 Options.level_compaction_dynamic_level_bytes: 0
2021/12/17-10:42:30.457469 7ff4c19cc700          Options.max_bytes_for_level_multiplier: 10.000000
2021/12/17-10:42:30.457470 7ff4c19cc700 Options.max_bytes_for_level_multiplier_addtl[0]: 1
2021/12/17-10:42:30.457471 7ff4c19cc700 Options.max_bytes_for_level_multiplier_addtl[1]: 1
2021/12/17-10:42:30.457472 7ff4c19cc700 Options.max_bytes_for_level_multiplier_addtl[2]: 1
2021/12/17-10:42:30.457473 7ff4c19cc700 Options.max_bytes_for_level_multiplier_addtl[3]: 1
2021/12/17-10:42:30.457474 7ff4c19cc700 Options.max_bytes_for_level_multiplier_addtl[4]: 1
2021/12/17-10:42:30.457475 7ff4c19cc700 Options.max_bytes_for_level_multiplier_addtl[5]: 1
2021/12/17-10:42:30.457476 7ff4c19cc700 Options.max_bytes_for_level_multiplier_addtl[6]: 1
2021/12/17-10:42:30.457476 7ff4c19cc700       Options.max_sequential_skip_in_iterations: 8
2021/12/17-10:42:30.457477 7ff4c19cc700                    Options.max_compaction_bytes: 1677721600
2021/12/17-10:42:30.457478 7ff4c19cc700                        Options.arena_block_size: 503808
2021/12/17-10:42:30.457479 7ff4c19cc700   Options.soft_pending_compaction_bytes_limit: 68719476736
2021/12/17-10:42:30.457480 7ff4c19cc700   Options.hard_pending_compaction_bytes_limit: 274877906944
2021/12/17-10:42:30.457481 7ff4c19cc700       Options.rate_limit_delay_max_milliseconds: 100
2021/12/17-10:42:30.457482 7ff4c19cc700                Options.disable_auto_compactions: 0
2021/12/17-10:42:30.457483 7ff4c19cc700                        Options.compaction_style: kCompactionStyleLevel
2021/12/17-10:42:30.457484 7ff4c19cc700                          Options.compaction_pri: kMinOverlappingRatio
2021/12/17-10:42:30.457485 7ff4c19cc700 Options.compaction_options_universal.size_ratio: 1
2021/12/17-10:42:30.457486 7ff4c19cc700 Options.compaction_options_universal.min_merge_width: 2
2021/12/17-10:42:30.457487 7ff4c19cc700 Options.compaction_options_universal.max_merge_width: 4294967295
2021/12/17-10:42:30.457487 7ff4c19cc700 Options.compaction_options_universal.max_size_amplification_percent: 200
2021/12/17-10:42:30.457488 7ff4c19cc700 Options.compaction_options_universal.compression_size_percent: -1
2021/12/17-10:42:30.457489 7ff4c19cc700 Options.compaction_options_universal.stop_style: kCompactionStopStyleTotalSize
2021/12/17-10:42:30.457496 7ff4c19cc700 Options.compaction_options_fifo.max_table_files_size: 1073741824
2021/12/17-10:42:30.457497 7ff4c19cc700 Options.compaction_options_fifo.allow_compaction: 0
2021/12/17-10:42:30.457502 7ff4c19cc700                   Options.table_properties_collectors: 
2021/12/17-10:42:30.457503 7ff4c19cc700                   Options.inplace_update_support: 0
2021/12/17-10:42:30.457503 7ff4c19cc700                 Options.inplace_update_num_locks: 10000
2021/12/17-10:42:30.457505 7ff4c19cc700               Options.memtable_prefix_bloom_size_ratio: 0.000000
2021/12/17-10:42:30.457506 7ff4c19cc700               Options.memtable_whole_key_filtering: 0
2021/12/17-10:42:30.457506 7ff4c19cc700   Options.memtable_huge_page_size: 0
2021/12/17-10:42:30.457507 7ff4c19cc700                           Options.bloom_locality: 0
2021/12/17-10:42:30.457508 7ff4c19cc700                    Options.max_successive_merges: 0
2021/12/17-10:42:30.457509 7ff4c19cc700                Options.optimize_filters_for_hits: 0
2021/12/17-10:42:30.457510 7ff4c19cc700                Options.paranoid_file_checks: 0
2021/12/17-10:42:30.457512 7ff4c19cc700                Options.force_consistency_checks: 1
2021/12/17-10:42:30.457513 7ff4c19cc700                Options.report_bg_io_stats: 0
2021/12/17-10:42:30.457514 7ff4c19cc700                               Options.ttl: 2592000
2021/12/17-10:42:30.457515 7ff4c19cc700          Options.periodic_compaction_seconds: 0
2021/12/17-10:42:30.457516 7ff4c19cc700                    Options.enable_blob_files: false
2021/12/17-10:42:30.457517 7ff4c19cc700                        Options.min_blob_size: 0
2021/12/17-10:42:30.457517 7ff4c19cc700                       Options.blob_file_size: 268435456
2021/12/17-10:42:30.457518 7ff4c19cc700                Options.blob_compression_type: NoCompression
2021/12/17-10:42:30.457519 7ff4c19cc700       Options.enable_blob_garbage_collection: false
2021/12/17-10:42:30.457520 7ff4c19cc700   Options.blob_garbage_collection_age_cutoff: 0.250000
2021/12/17-10:42:30.529717 7ff4c19cc700 [/version_set.cc:4675] Recovered from manifest file:/home/ubuntu/Documents/hivemq-ce-2021.3/data/persistence/retained_messages/040500_R/retained_messages_45/MANIFEST-000001 succeeded,manifest_file_number is 1, next_file_number is 3, last_sequence is 0, log_number is 0,prev_log_number is 0,max_column_family is 0,min_log_number_to_keep is 0
2021/12/17-10:42:30.529720 7ff4c19cc700 [/version_set.cc:4684] Column family [default] (ID 0), log number is 0
2021/12/17-10:42:30.529903 7ff4c19cc700 [/version_set.cc:4119] Creating manifest 4
2021/12/17-10:42:30.688432 7ff4c19cc700 [/db_impl/db_impl_open.cc:1757] SstFileManager instance 0x7ff4bc163ac0
2021/12/17-10:42:30.688448 7ff4c19cc700 DB pointer 0x7ff4bc15c310
2021/12/17-10:50:52.347065 7ff4c22d5700 [/db_impl/db_impl.cc:463] Shutdown: canceling all background work
2021/12/17-10:50:52.347167 7ff4c22d5700 [/db_impl/db_impl.cc:642] Shutdown complete
