2021/12/17-10:42:30.048316 7ff4c1dd0700 RocksDB version: 6.20.3
2021/12/17-10:42:30.048341 7ff4c1dd0700 Compile date 2021-05-07 11:24:03
2021/12/17-10:42:30.048375 7ff4c1dd0700 DB SUMMARY
2021/12/17-10:42:30.048376 7ff4c1dd0700 DB Session ID:  C3NLUX5R95VDLSCG5GTD
2021/12/17-10:42:30.048390 7ff4c1dd0700 SST files in /home/ubuntu/Documents/hivemq-ce-2021.3/data/persistence/retained_messages/040500_R/retained_messages_23 dir, Total Num: 0, files: 
2021/12/17-10:42:30.048391 7ff4c1dd0700 Write Ahead Log file in /home/ubuntu/Documents/hivemq-ce-2021.3/data/persistence/retained_messages/040500_R/retained_messages_23: 
2021/12/17-10:42:30.048392 7ff4c1dd0700                         Options.error_if_exists: 0
2021/12/17-10:42:30.048393 7ff4c1dd0700                       Options.create_if_missing: 1
2021/12/17-10:42:30.048394 7ff4c1dd0700                         Options.paranoid_checks: 1
2021/12/17-10:42:30.048395 7ff4c1dd0700                               Options.track_and_verify_wals_in_manifest: 0
2021/12/17-10:42:30.048396 7ff4c1dd0700                                     Options.env: 0x7ff4c35b80a0
2021/12/17-10:42:30.048397 7ff4c1dd0700                                      Options.fs: Posix File System
2021/12/17-10:42:30.048398 7ff4c1dd0700                                Options.info_log: 0x7ff4b0138930
2021/12/17-10:42:30.048399 7ff4c1dd0700                Options.max_file_opening_threads: 16
2021/12/17-10:42:30.048400 7ff4c1dd0700                              Options.statistics: 0x7ff4a0003190
2021/12/17-10:42:30.048401 7ff4c1dd0700                               Options.use_fsync: 0
2021/12/17-10:42:30.048401 7ff4c1dd0700                       Options.max_log_file_size: 512000
2021/12/17-10:42:30.048402 7ff4c1dd0700                  Options.max_manifest_file_size: 1073741824
2021/12/17-10:42:30.048403 7ff4c1dd0700                   Options.log_file_time_to_roll: 0
2021/12/17-10:42:30.048404 7ff4c1dd0700                       Options.keep_log_file_num: 2
2021/12/17-10:42:30.048405 7ff4c1dd0700                    Options.recycle_log_file_num: 0
2021/12/17-10:42:30.048406 7ff4c1dd0700                         Options.allow_fallocate: 1
2021/12/17-10:42:30.048407 7ff4c1dd0700                        Options.allow_mmap_reads: 0
2021/12/17-10:42:30.048407 7ff4c1dd0700                       Options.allow_mmap_writes: 0
2021/12/17-10:42:30.048408 7ff4c1dd0700                        Options.use_direct_reads: 0
2021/12/17-10:42:30.048409 7ff4c1dd0700                        Options.use_direct_io_for_flush_and_compaction: 0
2021/12/17-10:42:30.048410 7ff4c1dd0700          Options.create_missing_column_families: 0
2021/12/17-10:42:30.048411 7ff4c1dd0700                              Options.db_log_dir: 
2021/12/17-10:42:30.048411 7ff4c1dd0700                                 Options.wal_dir: /home/ubuntu/Documents/hivemq-ce-2021.3/data/persistence/retained_messages/040500_R/retained_messages_23
2021/12/17-10:42:30.048412 7ff4c1dd0700                Options.table_cache_numshardbits: 6
2021/12/17-10:42:30.048413 7ff4c1dd0700                         Options.WAL_ttl_seconds: 0
2021/12/17-10:42:30.048414 7ff4c1dd0700                       Options.WAL_size_limit_MB: 0
2021/12/17-10:42:30.048415 7ff4c1dd0700                        Options.max_write_batch_group_size_bytes: 1048576
2021/12/17-10:42:30.048416 7ff4c1dd0700             Options.manifest_preallocation_size: 4194304
2021/12/17-10:42:30.048416 7ff4c1dd0700                     Options.is_fd_close_on_exec: 1
2021/12/17-10:42:30.048417 7ff4c1dd0700                   Options.advise_random_on_open: 1
2021/12/17-10:42:30.048418 7ff4c1dd0700                    Options.db_write_buffer_size: 0
2021/12/17-10:42:30.048419 7ff4c1dd0700                    Options.write_buffer_manager: 0x7ff4b01f1700
2021/12/17-10:42:30.048420 7ff4c1dd0700         Options.access_hint_on_compaction_start: 1
2021/12/17-10:42:30.048420 7ff4c1dd0700  Options.new_table_reader_for_compaction_inputs: 0
2021/12/17-10:42:30.048421 7ff4c1dd0700           Options.random_access_max_buffer_size: 1048576
2021/12/17-10:42:30.048422 7ff4c1dd0700                      Options.use_adaptive_mutex: 0
2021/12/17-10:42:30.048430 7ff4c1dd0700                            Options.rate_limiter: (nil)
2021/12/17-10:42:30.048432 7ff4c1dd0700     Options.sst_file_manager.rate_bytes_per_sec: 0
2021/12/17-10:42:30.048432 7ff4c1dd0700                       Options.wal_recovery_mode: 2
2021/12/17-10:42:30.048433 7ff4c1dd0700                  Options.enable_thread_tracking: 0
2021/12/17-10:42:30.048434 7ff4c1dd0700                  Options.enable_pipelined_write: 0
2021/12/17-10:42:30.048435 7ff4c1dd0700                  Options.unordered_write: 0
2021/12/17-10:42:30.048435 7ff4c1dd0700         Options.allow_concurrent_memtable_write: 1
2021/12/17-10:42:30.048436 7ff4c1dd0700      Options.enable_write_thread_adaptive_yield: 1
2021/12/17-10:42:30.048437 7ff4c1dd0700             Options.write_thread_max_yield_usec: 100
2021/12/17-10:42:30.048438 7ff4c1dd0700            Options.write_thread_slow_yield_usec: 3
2021/12/17-10:42:30.048439 7ff4c1dd0700                               Options.row_cache: None
2021/12/17-10:42:30.048440 7ff4c1dd0700                              Options.wal_filter: None
2021/12/17-10:42:30.048441 7ff4c1dd0700             Options.avoid_flush_during_recovery: 0
2021/12/17-10:42:30.048441 7ff4c1dd0700             Options.allow_ingest_behind: 0
2021/12/17-10:42:30.048442 7ff4c1dd0700             Options.preserve_deletes: 0
2021/12/17-10:42:30.048443 7ff4c1dd0700             Options.two_write_queues: 0
2021/12/17-10:42:30.048444 7ff4c1dd0700             Options.manual_wal_flush: 0
2021/12/17-10:42:30.048444 7ff4c1dd0700             Options.atomic_flush: 0
2021/12/17-10:42:30.048445 7ff4c1dd0700             Options.avoid_unnecessary_blocking_io: 0
2021/12/17-10:42:30.048446 7ff4c1dd0700                 Options.persist_stats_to_disk: 0
2021/12/17-10:42:30.048447 7ff4c1dd0700                 Options.write_dbid_to_manifest: 0
2021/12/17-10:42:30.048448 7ff4c1dd0700                 Options.log_readahead_size: 0
2021/12/17-10:42:30.048448 7ff4c1dd0700                 Options.file_checksum_gen_factory: Unknown
2021/12/17-10:42:30.048449 7ff4c1dd0700                 Options.best_efforts_recovery: 0
2021/12/17-10:42:30.048450 7ff4c1dd0700                Options.max_bgerror_resume_count: 2147483647
2021/12/17-10:42:30.048451 7ff4c1dd0700            Options.bgerror_resume_retry_interval: 1000000
2021/12/17-10:42:30.048452 7ff4c1dd0700             Options.allow_data_in_errors: 0
2021/12/17-10:42:30.048453 7ff4c1dd0700             Options.db_host_id: __hostname__
2021/12/17-10:42:30.048453 7ff4c1dd0700             Options.max_background_jobs: 2
2021/12/17-10:42:30.048454 7ff4c1dd0700             Options.max_background_compactions: -1
2021/12/17-10:42:30.048455 7ff4c1dd0700             Options.max_subcompactions: 1
2021/12/17-10:42:30.048456 7ff4c1dd0700             Options.avoid_flush_during_shutdown: 0
2021/12/17-10:42:30.048457 7ff4c1dd0700           Options.writable_file_max_buffer_size: 1048576
2021/12/17-10:42:30.048458 7ff4c1dd0700             Options.delayed_write_rate : 16777216
2021/12/17-10:42:30.048459 7ff4c1dd0700             Options.max_total_wal_size: 0
2021/12/17-10:42:30.048460 7ff4c1dd0700             Options.delete_obsolete_files_period_micros: 21600000000
2021/12/17-10:42:30.048460 7ff4c1dd0700                   Options.stats_dump_period_sec: 0
2021/12/17-10:42:30.048461 7ff4c1dd0700                 Options.stats_persist_period_sec: 0
2021/12/17-10:42:30.048462 7ff4c1dd0700                 Options.stats_history_buffer_size: 65536
2021/12/17-10:42:30.048463 7ff4c1dd0700                          Options.max_open_files: -1
2021/12/17-10:42:30.048464 7ff4c1dd0700                          Options.bytes_per_sync: 0
2021/12/17-10:42:30.048465 7ff4c1dd0700                      Options.wal_bytes_per_sync: 0
2021/12/17-10:42:30.048465 7ff4c1dd0700                   Options.strict_bytes_per_sync: 0
2021/12/17-10:42:30.048466 7ff4c1dd0700       Options.compaction_readahead_size: 0
2021/12/17-10:42:30.048467 7ff4c1dd0700                  Options.max_background_flushes: -1
2021/12/17-10:42:30.048468 7ff4c1dd0700 Compression algorithms supported:
2021/12/17-10:42:30.048473 7ff4c1dd0700 	kZSTDNotFinalCompression supported: 1
2021/12/17-10:42:30.048475 7ff4c1dd0700 	kZSTD supported: 1
2021/12/17-10:42:30.048475 7ff4c1dd0700 	kXpressCompression supported: 0
2021/12/17-10:42:30.048476 7ff4c1dd0700 	kLZ4HCCompression supported: 1
2021/12/17-10:42:30.048477 7ff4c1dd0700 	kLZ4Compression supported: 1
2021/12/17-10:42:30.048478 7ff4c1dd0700 	kBZip2Compression supported: 1
2021/12/17-10:42:30.048479 7ff4c1dd0700 	kZlibCompression supported: 1
2021/12/17-10:42:30.048480 7ff4c1dd0700 	kSnappyCompression supported: 1
2021/12/17-10:42:30.048481 7ff4c1dd0700 Fast CRC32 supported: Not supported on x86
2021/12/17-10:42:30.066832 7ff4c1dd0700 [/db_impl/db_impl_open.cc:285] Creating manifest 1 
2021/12/17-10:42:30.135532 7ff4c1dd0700 [/version_set.cc:4627] Recovering from manifest file: /home/ubuntu/Documents/hivemq-ce-2021.3/data/persistence/retained_messages/040500_R/retained_messages_23/MANIFEST-000001
2021/12/17-10:42:30.135654 7ff4c1dd0700 [/column_family.cc:598] --------------- Options for column family [default]:
2021/12/17-10:42:30.135658 7ff4c1dd0700               Options.comparator: leveldb.BytewiseComparator
2021/12/17-10:42:30.135659 7ff4c1dd0700           Options.merge_operator: None
2021/12/17-10:42:30.135660 7ff4c1dd0700        Options.compaction_filter: None
2021/12/17-10:42:30.135660 7ff4c1dd0700        Options.compaction_filter_factory: None
2021/12/17-10:42:30.135661 7ff4c1dd0700  Options.sst_partitioner_factory: None
2021/12/17-10:42:30.135662 7ff4c1dd0700         Options.memtable_factory: SkipListFactory
2021/12/17-10:42:30.135663 7ff4c1dd0700            Options.table_factory: BlockBasedTable
2021/12/17-10:42:30.135682 7ff4c1dd0700            table_factory options:   flush_block_policy_factory: FlushBlockBySizePolicyFactory (0x7ff4a006ca20)
  cache_index_and_filter_blocks: 0
  cache_index_and_filter_blocks_with_high_priority: 1
  pin_l0_filter_and_index_blocks_in_cache: 0
  pin_top_level_index_and_filter: 1
  index_type: 0
  data_block_index_type: 0
  index_shortening: 1
  data_block_hash_table_util_ratio: 0.750000
  hash_index_allow_collision: 1
  checksum: 1
  no_block_cache: 0
  block_cache: 0x7ff4a006c9a0
  block_cache_name: LRUCache
  block_cache_options:
    capacity : 128753152
    num_shard_bits : 6
    strict_capacity_limit : 0
    memory_allocator : None
    high_pri_pool_ratio: 0.000
  block_cache_compressed: (nil)
  persistent_cache: (nil)
  block_size: 32768
  block_size_deviation: 10
  block_restart_interval: 16
  index_block_restart_interval: 1
  metadata_block_size: 4096
  partition_filters: 0
  use_delta_encoding: 1
  filter_policy: nullptr
  whole_key_filtering: 1
  verify_compression: 0
  read_amp_bytes_per_bit: 0
  format_version: 5
  enable_index_compression: 1
  block_align: 0
2021/12/17-10:42:30.135684 7ff4c1dd0700        Options.write_buffer_size: 4023536
2021/12/17-10:42:30.135685 7ff4c1dd0700  Options.max_write_buffer_number: 2
2021/12/17-10:42:30.135686 7ff4c1dd0700          Options.compression: Snappy
2021/12/17-10:42:30.135687 7ff4c1dd0700                  Options.bottommost_compression: Disabled
2021/12/17-10:42:30.135688 7ff4c1dd0700       Options.prefix_extractor: nullptr
2021/12/17-10:42:30.135689 7ff4c1dd0700   Options.memtable_insert_with_hint_prefix_extractor: nullptr
2021/12/17-10:42:30.135690 7ff4c1dd0700             Options.num_levels: 7
2021/12/17-10:42:30.135691 7ff4c1dd0700        Options.min_write_buffer_number_to_merge: 1
2021/12/17-10:42:30.135692 7ff4c1dd0700     Options.max_write_buffer_number_to_maintain: 0
2021/12/17-10:42:30.135693 7ff4c1dd0700     Options.max_write_buffer_size_to_maintain: 0
2021/12/17-10:42:30.135693 7ff4c1dd0700            Options.bottommost_compression_opts.window_bits: -14
2021/12/17-10:42:30.135694 7ff4c1dd0700                  Options.bottommost_compression_opts.level: 32767
2021/12/17-10:42:30.135695 7ff4c1dd0700               Options.bottommost_compression_opts.strategy: 0
2021/12/17-10:42:30.135696 7ff4c1dd0700         Options.bottommost_compression_opts.max_dict_bytes: 0
2021/12/17-10:42:30.135710 7ff4c1dd0700         Options.bottommost_compression_opts.zstd_max_train_bytes: 0
2021/12/17-10:42:30.135712 7ff4c1dd0700         Options.bottommost_compression_opts.parallel_threads: 1
2021/12/17-10:42:30.135713 7ff4c1dd0700                  Options.bottommost_compression_opts.enabled: false
2021/12/17-10:42:30.135714 7ff4c1dd0700         Options.bottommost_compression_opts.max_dict_buffer_bytes: 0
2021/12/17-10:42:30.135714 7ff4c1dd0700            Options.compression_opts.window_bits: -14
2021/12/17-10:42:30.135715 7ff4c1dd0700                  Options.compression_opts.level: 32767
2021/12/17-10:42:30.135716 7ff4c1dd0700               Options.compression_opts.strategy: 0
2021/12/17-10:42:30.135717 7ff4c1dd0700         Options.compression_opts.max_dict_bytes: 0
2021/12/17-10:42:30.135718 7ff4c1dd0700         Options.compression_opts.zstd_max_train_bytes: 0
2021/12/17-10:42:30.135719 7ff4c1dd0700         Options.compression_opts.parallel_threads: 1
2021/12/17-10:42:30.135719 7ff4c1dd0700                  Options.compression_opts.enabled: false
2021/12/17-10:42:30.135720 7ff4c1dd0700         Options.compression_opts.max_dict_buffer_bytes: 0
2021/12/17-10:42:30.135721 7ff4c1dd0700      Options.level0_file_num_compaction_trigger: 4
2021/12/17-10:42:30.135722 7ff4c1dd0700          Options.level0_slowdown_writes_trigger: 20
2021/12/17-10:42:30.135723 7ff4c1dd0700              Options.level0_stop_writes_trigger: 36
2021/12/17-10:42:30.135724 7ff4c1dd0700                   Options.target_file_size_base: 67108864
2021/12/17-10:42:30.135724 7ff4c1dd0700             Options.target_file_size_multiplier: 1
2021/12/17-10:42:30.135725 7ff4c1dd0700                Options.max_bytes_for_level_base: 268435456
2021/12/17-10:42:30.135726 7ff4c1dd0700 Options.level_compaction_dynamic_level_bytes: 0
2021/12/17-10:42:30.135728 7ff4c1dd0700          Options.max_bytes_for_level_multiplier: 10.000000
2021/12/17-10:42:30.135729 7ff4c1dd0700 Options.max_bytes_for_level_multiplier_addtl[0]: 1
2021/12/17-10:42:30.135730 7ff4c1dd0700 Options.max_bytes_for_level_multiplier_addtl[1]: 1
2021/12/17-10:42:30.135731 7ff4c1dd0700 Options.max_bytes_for_level_multiplier_addtl[2]: 1
2021/12/17-10:42:30.135732 7ff4c1dd0700 Options.max_bytes_for_level_multiplier_addtl[3]: 1
2021/12/17-10:42:30.135732 7ff4c1dd0700 Options.max_bytes_for_level_multiplier_addtl[4]: 1
2021/12/17-10:42:30.135733 7ff4c1dd0700 Options.max_bytes_for_level_multiplier_addtl[5]: 1
2021/12/17-10:42:30.135734 7ff4c1dd0700 Options.max_bytes_for_level_multiplier_addtl[6]: 1
2021/12/17-10:42:30.135735 7ff4c1dd0700       Options.max_sequential_skip_in_iterations: 8
2021/12/17-10:42:30.135736 7ff4c1dd0700                    Options.max_compaction_bytes: 1677721600
2021/12/17-10:42:30.135737 7ff4c1dd0700                        Options.arena_block_size: 503808
2021/12/17-10:42:30.135738 7ff4c1dd0700   Options.soft_pending_compaction_bytes_limit: 68719476736
2021/12/17-10:42:30.135739 7ff4c1dd0700   Options.hard_pending_compaction_bytes_limit: 274877906944
2021/12/17-10:42:30.135739 7ff4c1dd0700       Options.rate_limit_delay_max_milliseconds: 100
2021/12/17-10:42:30.135740 7ff4c1dd0700                Options.disable_auto_compactions: 0
2021/12/17-10:42:30.135742 7ff4c1dd0700                        Options.compaction_style: kCompactionStyleLevel
2021/12/17-10:42:30.135743 7ff4c1dd0700                          Options.compaction_pri: kMinOverlappingRatio
2021/12/17-10:42:30.135744 7ff4c1dd0700 Options.compaction_options_universal.size_ratio: 1
2021/12/17-10:42:30.135744 7ff4c1dd0700 Options.compaction_options_universal.min_merge_width: 2
2021/12/17-10:42:30.135745 7ff4c1dd0700 Options.compaction_options_universal.max_merge_width: 4294967295
2021/12/17-10:42:30.135746 7ff4c1dd0700 Options.compaction_options_universal.max_size_amplification_percent: 200
2021/12/17-10:42:30.135747 7ff4c1dd0700 Options.compaction_options_universal.compression_size_percent: -1
2021/12/17-10:42:30.135748 7ff4c1dd0700 Options.compaction_options_universal.stop_style: kCompactionStopStyleTotalSize
2021/12/17-10:42:30.135754 7ff4c1dd0700 Options.compaction_options_fifo.max_table_files_size: 1073741824
2021/12/17-10:42:30.135755 7ff4c1dd0700 Options.compaction_options_fifo.allow_compaction: 0
2021/12/17-10:42:30.135760 7ff4c1dd0700                   Options.table_properties_collectors: 
2021/12/17-10:42:30.135761 7ff4c1dd0700                   Options.inplace_update_support: 0
2021/12/17-10:42:30.135762 7ff4c1dd0700                 Options.inplace_update_num_locks: 10000
2021/12/17-10:42:30.135763 7ff4c1dd0700               Options.memtable_prefix_bloom_size_ratio: 0.000000
2021/12/17-10:42:30.135764 7ff4c1dd0700               Options.memtable_whole_key_filtering: 0
2021/12/17-10:42:30.135765 7ff4c1dd0700   Options.memtable_huge_page_size: 0
2021/12/17-10:42:30.135766 7ff4c1dd0700                           Options.bloom_locality: 0
2021/12/17-10:42:30.135766 7ff4c1dd0700                    Options.max_successive_merges: 0
2021/12/17-10:42:30.135767 7ff4c1dd0700                Options.optimize_filters_for_hits: 0
2021/12/17-10:42:30.135768 7ff4c1dd0700                Options.paranoid_file_checks: 0
2021/12/17-10:42:30.135770 7ff4c1dd0700                Options.force_consistency_checks: 1
2021/12/17-10:42:30.135771 7ff4c1dd0700                Options.report_bg_io_stats: 0
2021/12/17-10:42:30.135772 7ff4c1dd0700                               Options.ttl: 2592000
2021/12/17-10:42:30.135773 7ff4c1dd0700          Options.periodic_compaction_seconds: 0
2021/12/17-10:42:30.135774 7ff4c1dd0700                    Options.enable_blob_files: false
2021/12/17-10:42:30.135774 7ff4c1dd0700                        Options.min_blob_size: 0
2021/12/17-10:42:30.135775 7ff4c1dd0700                       Options.blob_file_size: 268435456
2021/12/17-10:42:30.135776 7ff4c1dd0700                Options.blob_compression_type: NoCompression
2021/12/17-10:42:30.135777 7ff4c1dd0700       Options.enable_blob_garbage_collection: false
2021/12/17-10:42:30.135778 7ff4c1dd0700   Options.blob_garbage_collection_age_cutoff: 0.250000
2021/12/17-10:42:30.141385 7ff4c1dd0700 [/version_set.cc:4675] Recovered from manifest file:/home/ubuntu/Documents/hivemq-ce-2021.3/data/persistence/retained_messages/040500_R/retained_messages_23/MANIFEST-000001 succeeded,manifest_file_number is 1, next_file_number is 3, last_sequence is 0, log_number is 0,prev_log_number is 0,max_column_family is 0,min_log_number_to_keep is 0
2021/12/17-10:42:30.141389 7ff4c1dd0700 [/version_set.cc:4684] Column family [default] (ID 0), log number is 0
2021/12/17-10:42:30.141583 7ff4c1dd0700 [/version_set.cc:4119] Creating manifest 4
2021/12/17-10:42:30.263087 7ff4c1dd0700 [/db_impl/db_impl_open.cc:1757] SstFileManager instance 0x7ff4b0120ab0
2021/12/17-10:42:30.263106 7ff4c1dd0700 DB pointer 0x7ff4b015add0
2021/12/17-10:50:52.350765 7ff4c22d5700 [/db_impl/db_impl.cc:463] Shutdown: canceling all background work
2021/12/17-10:50:52.350862 7ff4c22d5700 [/db_impl/db_impl.cc:642] Shutdown complete
