2021/12/17-10:42:30.120093 7ff4c21d4700 RocksDB version: 6.20.3
2021/12/17-10:42:30.120204 7ff4c21d4700 Compile date 2021-05-07 11:24:03
2021/12/17-10:42:30.120350 7ff4c21d4700 DB SUMMARY
2021/12/17-10:42:30.120353 7ff4c21d4700 DB Session ID:  VWTZRE6GRQR5KOK6NRKC
2021/12/17-10:42:30.120570 7ff4c21d4700 SST files in /home/ubuntu/Documents/hivemq-ce-2021.3/data/persistence/retained_messages/040500_R/retained_messages_32 dir, Total Num: 0, files: 
2021/12/17-10:42:30.120573 7ff4c21d4700 Write Ahead Log file in /home/ubuntu/Documents/hivemq-ce-2021.3/data/persistence/retained_messages/040500_R/retained_messages_32: 
2021/12/17-10:42:30.120575 7ff4c21d4700                         Options.error_if_exists: 0
2021/12/17-10:42:30.120576 7ff4c21d4700                       Options.create_if_missing: 1
2021/12/17-10:42:30.120577 7ff4c21d4700                         Options.paranoid_checks: 1
2021/12/17-10:42:30.120578 7ff4c21d4700                               Options.track_and_verify_wals_in_manifest: 0
2021/12/17-10:42:30.120579 7ff4c21d4700                                     Options.env: 0x7ff4c35b80a0
2021/12/17-10:42:30.120663 7ff4c21d4700                                      Options.fs: Posix File System
2021/12/17-10:42:30.120665 7ff4c21d4700                                Options.info_log: 0x7ff4a01a26e0
2021/12/17-10:42:30.120666 7ff4c21d4700                Options.max_file_opening_threads: 16
2021/12/17-10:42:30.120667 7ff4c21d4700                              Options.statistics: 0x7ff4a0003190
2021/12/17-10:42:30.120668 7ff4c21d4700                               Options.use_fsync: 0
2021/12/17-10:42:30.120669 7ff4c21d4700                       Options.max_log_file_size: 512000
2021/12/17-10:42:30.120670 7ff4c21d4700                  Options.max_manifest_file_size: 1073741824
2021/12/17-10:42:30.120671 7ff4c21d4700                   Options.log_file_time_to_roll: 0
2021/12/17-10:42:30.120672 7ff4c21d4700                       Options.keep_log_file_num: 2
2021/12/17-10:42:30.120673 7ff4c21d4700                    Options.recycle_log_file_num: 0
2021/12/17-10:42:30.120674 7ff4c21d4700                         Options.allow_fallocate: 1
2021/12/17-10:42:30.120675 7ff4c21d4700                        Options.allow_mmap_reads: 0
2021/12/17-10:42:30.120676 7ff4c21d4700                       Options.allow_mmap_writes: 0
2021/12/17-10:42:30.120677 7ff4c21d4700                        Options.use_direct_reads: 0
2021/12/17-10:42:30.120678 7ff4c21d4700                        Options.use_direct_io_for_flush_and_compaction: 0
2021/12/17-10:42:30.120679 7ff4c21d4700          Options.create_missing_column_families: 0
2021/12/17-10:42:30.120680 7ff4c21d4700                              Options.db_log_dir: 
2021/12/17-10:42:30.120681 7ff4c21d4700                                 Options.wal_dir: /home/ubuntu/Documents/hivemq-ce-2021.3/data/persistence/retained_messages/040500_R/retained_messages_32
2021/12/17-10:42:30.120682 7ff4c21d4700                Options.table_cache_numshardbits: 6
2021/12/17-10:42:30.120683 7ff4c21d4700                         Options.WAL_ttl_seconds: 0
2021/12/17-10:42:30.120684 7ff4c21d4700                       Options.WAL_size_limit_MB: 0
2021/12/17-10:42:30.120685 7ff4c21d4700                        Options.max_write_batch_group_size_bytes: 1048576
2021/12/17-10:42:30.120686 7ff4c21d4700             Options.manifest_preallocation_size: 4194304
2021/12/17-10:42:30.120687 7ff4c21d4700                     Options.is_fd_close_on_exec: 1
2021/12/17-10:42:30.120688 7ff4c21d4700                   Options.advise_random_on_open: 1
2021/12/17-10:42:30.120768 7ff4c21d4700                    Options.db_write_buffer_size: 0
2021/12/17-10:42:30.120770 7ff4c21d4700                    Options.write_buffer_manager: 0x7ff4a018ece0
2021/12/17-10:42:30.120771 7ff4c21d4700         Options.access_hint_on_compaction_start: 1
2021/12/17-10:42:30.120772 7ff4c21d4700  Options.new_table_reader_for_compaction_inputs: 0
2021/12/17-10:42:30.120773 7ff4c21d4700           Options.random_access_max_buffer_size: 1048576
2021/12/17-10:42:30.120774 7ff4c21d4700                      Options.use_adaptive_mutex: 0
2021/12/17-10:42:30.120787 7ff4c21d4700                            Options.rate_limiter: (nil)
2021/12/17-10:42:30.120788 7ff4c21d4700     Options.sst_file_manager.rate_bytes_per_sec: 0
2021/12/17-10:42:30.120789 7ff4c21d4700                       Options.wal_recovery_mode: 2
2021/12/17-10:42:30.120790 7ff4c21d4700                  Options.enable_thread_tracking: 0
2021/12/17-10:42:30.120791 7ff4c21d4700                  Options.enable_pipelined_write: 0
2021/12/17-10:42:30.120792 7ff4c21d4700                  Options.unordered_write: 0
2021/12/17-10:42:30.120868 7ff4c21d4700         Options.allow_concurrent_memtable_write: 1
2021/12/17-10:42:30.120873 7ff4c21d4700      Options.enable_write_thread_adaptive_yield: 1
2021/12/17-10:42:30.120874 7ff4c21d4700             Options.write_thread_max_yield_usec: 100
2021/12/17-10:42:30.120875 7ff4c21d4700            Options.write_thread_slow_yield_usec: 3
2021/12/17-10:42:30.120876 7ff4c21d4700                               Options.row_cache: None
2021/12/17-10:42:30.120877 7ff4c21d4700                              Options.wal_filter: None
2021/12/17-10:42:30.120878 7ff4c21d4700             Options.avoid_flush_during_recovery: 0
2021/12/17-10:42:30.120879 7ff4c21d4700             Options.allow_ingest_behind: 0
2021/12/17-10:42:30.120880 7ff4c21d4700             Options.preserve_deletes: 0
2021/12/17-10:42:30.120881 7ff4c21d4700             Options.two_write_queues: 0
2021/12/17-10:42:30.120882 7ff4c21d4700             Options.manual_wal_flush: 0
2021/12/17-10:42:30.120883 7ff4c21d4700             Options.atomic_flush: 0
2021/12/17-10:42:30.120884 7ff4c21d4700             Options.avoid_unnecessary_blocking_io: 0
2021/12/17-10:42:30.120885 7ff4c21d4700                 Options.persist_stats_to_disk: 0
2021/12/17-10:42:30.120886 7ff4c21d4700                 Options.write_dbid_to_manifest: 0
2021/12/17-10:42:30.120887 7ff4c21d4700                 Options.log_readahead_size: 0
2021/12/17-10:42:30.120888 7ff4c21d4700                 Options.file_checksum_gen_factory: Unknown
2021/12/17-10:42:30.120888 7ff4c21d4700                 Options.best_efforts_recovery: 0
2021/12/17-10:42:30.120889 7ff4c21d4700                Options.max_bgerror_resume_count: 2147483647
2021/12/17-10:42:30.120890 7ff4c21d4700            Options.bgerror_resume_retry_interval: 1000000
2021/12/17-10:42:30.120891 7ff4c21d4700             Options.allow_data_in_errors: 0
2021/12/17-10:42:30.120892 7ff4c21d4700             Options.db_host_id: __hostname__
2021/12/17-10:42:30.120893 7ff4c21d4700             Options.max_background_jobs: 2
2021/12/17-10:42:30.120894 7ff4c21d4700             Options.max_background_compactions: -1
2021/12/17-10:42:30.120895 7ff4c21d4700             Options.max_subcompactions: 1
2021/12/17-10:42:30.120896 7ff4c21d4700             Options.avoid_flush_during_shutdown: 0
2021/12/17-10:42:30.120975 7ff4c21d4700           Options.writable_file_max_buffer_size: 1048576
2021/12/17-10:42:30.120977 7ff4c21d4700             Options.delayed_write_rate : 16777216
2021/12/17-10:42:30.120978 7ff4c21d4700             Options.max_total_wal_size: 0
2021/12/17-10:42:30.120980 7ff4c21d4700             Options.delete_obsolete_files_period_micros: 21600000000
2021/12/17-10:42:30.120981 7ff4c21d4700                   Options.stats_dump_period_sec: 0
2021/12/17-10:42:30.120982 7ff4c21d4700                 Options.stats_persist_period_sec: 0
2021/12/17-10:42:30.120983 7ff4c21d4700                 Options.stats_history_buffer_size: 65536
2021/12/17-10:42:30.120984 7ff4c21d4700                          Options.max_open_files: -1
2021/12/17-10:42:30.120985 7ff4c21d4700                          Options.bytes_per_sync: 0
2021/12/17-10:42:30.120986 7ff4c21d4700                      Options.wal_bytes_per_sync: 0
2021/12/17-10:42:30.120987 7ff4c21d4700                   Options.strict_bytes_per_sync: 0
2021/12/17-10:42:30.120988 7ff4c21d4700       Options.compaction_readahead_size: 0
2021/12/17-10:42:30.120989 7ff4c21d4700                  Options.max_background_flushes: -1
2021/12/17-10:42:30.120990 7ff4c21d4700 Compression algorithms supported:
2021/12/17-10:42:30.121002 7ff4c21d4700 	kZSTDNotFinalCompression supported: 1
2021/12/17-10:42:30.121004 7ff4c21d4700 	kZSTD supported: 1
2021/12/17-10:42:30.121005 7ff4c21d4700 	kXpressCompression supported: 0
2021/12/17-10:42:30.121008 7ff4c21d4700 	kLZ4HCCompression supported: 1
2021/12/17-10:42:30.121009 7ff4c21d4700 	kLZ4Compression supported: 1
2021/12/17-10:42:30.121010 7ff4c21d4700 	kBZip2Compression supported: 1
2021/12/17-10:42:30.121011 7ff4c21d4700 	kZlibCompression supported: 1
2021/12/17-10:42:30.121012 7ff4c21d4700 	kSnappyCompression supported: 1
2021/12/17-10:42:30.121014 7ff4c21d4700 Fast CRC32 supported: Not supported on x86
2021/12/17-10:42:30.139192 7ff4c21d4700 [/db_impl/db_impl_open.cc:285] Creating manifest 1 
2021/12/17-10:42:30.199503 7ff4c21d4700 [/version_set.cc:4627] Recovering from manifest file: /home/ubuntu/Documents/hivemq-ce-2021.3/data/persistence/retained_messages/040500_R/retained_messages_32/MANIFEST-000001
2021/12/17-10:42:30.212612 7ff4c21d4700 [/column_family.cc:598] --------------- Options for column family [default]:
2021/12/17-10:42:30.212616 7ff4c21d4700               Options.comparator: leveldb.BytewiseComparator
2021/12/17-10:42:30.212617 7ff4c21d4700           Options.merge_operator: None
2021/12/17-10:42:30.212618 7ff4c21d4700        Options.compaction_filter: None
2021/12/17-10:42:30.212619 7ff4c21d4700        Options.compaction_filter_factory: None
2021/12/17-10:42:30.212620 7ff4c21d4700  Options.sst_partitioner_factory: None
2021/12/17-10:42:30.212621 7ff4c21d4700         Options.memtable_factory: SkipListFactory
2021/12/17-10:42:30.212622 7ff4c21d4700            Options.table_factory: BlockBasedTable
2021/12/17-10:42:30.213624 7ff4c21d4700            table_factory options:   flush_block_policy_factory: FlushBlockBySizePolicyFactory (0x7ff4a006ca20)
  cache_index_and_filter_blocks: 0
  cache_index_and_filter_blocks_with_high_priority: 1
  pin_l0_filter_and_index_blocks_in_cache: 0
  pin_top_level_index_and_filter: 1
  index_type: 0
  data_block_index_type: 0
  index_shortening: 1
  data_block_hash_table_util_ratio: 0.750000
  hash_index_allow_collision: 1
  checksum: 1
  no_block_cache: 0
  block_cache: 0x7ff4a006c9a0
  block_cache_name: LRUCache
  block_cache_options:
    capacity : 128753152
    num_shard_bits : 6
    strict_capacity_limit : 0
    memory_allocator : None
    high_pri_pool_ratio: 0.000
  block_cache_compressed: (nil)
  persistent_cache: (nil)
  block_size: 32768
  block_size_deviation: 10
  block_restart_interval: 16
  index_block_restart_interval: 1
  metadata_block_size: 4096
  partition_filters: 0
  use_delta_encoding: 1
  filter_policy: nullptr
  whole_key_filtering: 1
  verify_compression: 0
  read_amp_bytes_per_bit: 0
  format_version: 5
  enable_index_compression: 1
  block_align: 0
2021/12/17-10:42:30.213626 7ff4c21d4700        Options.write_buffer_size: 4023536
2021/12/17-10:42:30.213627 7ff4c21d4700  Options.max_write_buffer_number: 2
2021/12/17-10:42:30.213628 7ff4c21d4700          Options.compression: Snappy
2021/12/17-10:42:30.213629 7ff4c21d4700                  Options.bottommost_compression: Disabled
2021/12/17-10:42:30.213630 7ff4c21d4700       Options.prefix_extractor: nullptr
2021/12/17-10:42:30.213631 7ff4c21d4700   Options.memtable_insert_with_hint_prefix_extractor: nullptr
2021/12/17-10:42:30.213631 7ff4c21d4700             Options.num_levels: 7
2021/12/17-10:42:30.213632 7ff4c21d4700        Options.min_write_buffer_number_to_merge: 1
2021/12/17-10:42:30.213633 7ff4c21d4700     Options.max_write_buffer_number_to_maintain: 0
2021/12/17-10:42:30.213634 7ff4c21d4700     Options.max_write_buffer_size_to_maintain: 0
2021/12/17-10:42:30.213635 7ff4c21d4700            Options.bottommost_compression_opts.window_bits: -14
2021/12/17-10:42:30.213636 7ff4c21d4700                  Options.bottommost_compression_opts.level: 32767
2021/12/17-10:42:30.213637 7ff4c21d4700               Options.bottommost_compression_opts.strategy: 0
2021/12/17-10:42:30.213638 7ff4c21d4700         Options.bottommost_compression_opts.max_dict_bytes: 0
2021/12/17-10:42:30.213789 7ff4c21d4700         Options.bottommost_compression_opts.zstd_max_train_bytes: 0
2021/12/17-10:42:30.213791 7ff4c21d4700         Options.bottommost_compression_opts.parallel_threads: 1
2021/12/17-10:42:30.213792 7ff4c21d4700                  Options.bottommost_compression_opts.enabled: false
2021/12/17-10:42:30.213793 7ff4c21d4700         Options.bottommost_compression_opts.max_dict_buffer_bytes: 0
2021/12/17-10:42:30.213794 7ff4c21d4700            Options.compression_opts.window_bits: -14
2021/12/17-10:42:30.213795 7ff4c21d4700                  Options.compression_opts.level: 32767
2021/12/17-10:42:30.213796 7ff4c21d4700               Options.compression_opts.strategy: 0
2021/12/17-10:42:30.213797 7ff4c21d4700         Options.compression_opts.max_dict_bytes: 0
2021/12/17-10:42:30.213798 7ff4c21d4700         Options.compression_opts.zstd_max_train_bytes: 0
2021/12/17-10:42:30.213798 7ff4c21d4700         Options.compression_opts.parallel_threads: 1
2021/12/17-10:42:30.213799 7ff4c21d4700                  Options.compression_opts.enabled: false
2021/12/17-10:42:30.213800 7ff4c21d4700         Options.compression_opts.max_dict_buffer_bytes: 0
2021/12/17-10:42:30.213801 7ff4c21d4700      Options.level0_file_num_compaction_trigger: 4
2021/12/17-10:42:30.213802 7ff4c21d4700          Options.level0_slowdown_writes_trigger: 20
2021/12/17-10:42:30.213803 7ff4c21d4700              Options.level0_stop_writes_trigger: 36
2021/12/17-10:42:30.213804 7ff4c21d4700                   Options.target_file_size_base: 67108864
2021/12/17-10:42:30.213805 7ff4c21d4700             Options.target_file_size_multiplier: 1
2021/12/17-10:42:30.213806 7ff4c21d4700                Options.max_bytes_for_level_base: 268435456
2021/12/17-10:42:30.213807 7ff4c21d4700 Options.level_compaction_dynamic_level_bytes: 0
2021/12/17-10:42:30.213809 7ff4c21d4700          Options.max_bytes_for_level_multiplier: 10.000000
2021/12/17-10:42:30.213810 7ff4c21d4700 Options.max_bytes_for_level_multiplier_addtl[0]: 1
2021/12/17-10:42:30.213811 7ff4c21d4700 Options.max_bytes_for_level_multiplier_addtl[1]: 1
2021/12/17-10:42:30.213812 7ff4c21d4700 Options.max_bytes_for_level_multiplier_addtl[2]: 1
2021/12/17-10:42:30.213813 7ff4c21d4700 Options.max_bytes_for_level_multiplier_addtl[3]: 1
2021/12/17-10:42:30.213814 7ff4c21d4700 Options.max_bytes_for_level_multiplier_addtl[4]: 1
2021/12/17-10:42:30.213815 7ff4c21d4700 Options.max_bytes_for_level_multiplier_addtl[5]: 1
2021/12/17-10:42:30.213816 7ff4c21d4700 Options.max_bytes_for_level_multiplier_addtl[6]: 1
2021/12/17-10:42:30.213816 7ff4c21d4700       Options.max_sequential_skip_in_iterations: 8
2021/12/17-10:42:30.213817 7ff4c21d4700                    Options.max_compaction_bytes: 1677721600
2021/12/17-10:42:30.213818 7ff4c21d4700                        Options.arena_block_size: 503808
2021/12/17-10:42:30.213819 7ff4c21d4700   Options.soft_pending_compaction_bytes_limit: 68719476736
2021/12/17-10:42:30.213820 7ff4c21d4700   Options.hard_pending_compaction_bytes_limit: 274877906944
2021/12/17-10:42:30.213821 7ff4c21d4700       Options.rate_limit_delay_max_milliseconds: 100
2021/12/17-10:42:30.213822 7ff4c21d4700                Options.disable_auto_compactions: 0
2021/12/17-10:42:30.213823 7ff4c21d4700                        Options.compaction_style: kCompactionStyleLevel
2021/12/17-10:42:30.213824 7ff4c21d4700                          Options.compaction_pri: kMinOverlappingRatio
2021/12/17-10:42:30.213825 7ff4c21d4700 Options.compaction_options_universal.size_ratio: 1
2021/12/17-10:42:30.213826 7ff4c21d4700 Options.compaction_options_universal.min_merge_width: 2
2021/12/17-10:42:30.213827 7ff4c21d4700 Options.compaction_options_universal.max_merge_width: 4294967295
2021/12/17-10:42:30.213828 7ff4c21d4700 Options.compaction_options_universal.max_size_amplification_percent: 200
2021/12/17-10:42:30.213829 7ff4c21d4700 Options.compaction_options_universal.compression_size_percent: -1
2021/12/17-10:42:30.213829 7ff4c21d4700 Options.compaction_options_universal.stop_style: kCompactionStopStyleTotalSize
2021/12/17-10:42:30.213843 7ff4c21d4700 Options.compaction_options_fifo.max_table_files_size: 1073741824
2021/12/17-10:42:30.213844 7ff4c21d4700 Options.compaction_options_fifo.allow_compaction: 0
2021/12/17-10:42:30.213847 7ff4c21d4700                   Options.table_properties_collectors: 
2021/12/17-10:42:30.213848 7ff4c21d4700                   Options.inplace_update_support: 0
2021/12/17-10:42:30.213849 7ff4c21d4700                 Options.inplace_update_num_locks: 10000
2021/12/17-10:42:30.213850 7ff4c21d4700               Options.memtable_prefix_bloom_size_ratio: 0.000000
2021/12/17-10:42:30.213854 7ff4c21d4700               Options.memtable_whole_key_filtering: 0
2021/12/17-10:42:30.213855 7ff4c21d4700   Options.memtable_huge_page_size: 0
2021/12/17-10:42:30.213856 7ff4c21d4700                           Options.bloom_locality: 0
2021/12/17-10:42:30.213857 7ff4c21d4700                    Options.max_successive_merges: 0
2021/12/17-10:42:30.213858 7ff4c21d4700                Options.optimize_filters_for_hits: 0
2021/12/17-10:42:30.213859 7ff4c21d4700                Options.paranoid_file_checks: 0
2021/12/17-10:42:30.213859 7ff4c21d4700                Options.force_consistency_checks: 1
2021/12/17-10:42:30.213860 7ff4c21d4700                Options.report_bg_io_stats: 0
2021/12/17-10:42:30.213861 7ff4c21d4700                               Options.ttl: 2592000
2021/12/17-10:42:30.213862 7ff4c21d4700          Options.periodic_compaction_seconds: 0
2021/12/17-10:42:30.213863 7ff4c21d4700                    Options.enable_blob_files: false
2021/12/17-10:42:30.213863 7ff4c21d4700                        Options.min_blob_size: 0
2021/12/17-10:42:30.213864 7ff4c21d4700                       Options.blob_file_size: 268435456
2021/12/17-10:42:30.213865 7ff4c21d4700                Options.blob_compression_type: NoCompression
2021/12/17-10:42:30.213866 7ff4c21d4700       Options.enable_blob_garbage_collection: false
2021/12/17-10:42:30.213867 7ff4c21d4700   Options.blob_garbage_collection_age_cutoff: 0.250000
2021/12/17-10:42:30.226533 7ff4c21d4700 [/version_set.cc:4675] Recovered from manifest file:/home/ubuntu/Documents/hivemq-ce-2021.3/data/persistence/retained_messages/040500_R/retained_messages_32/MANIFEST-000001 succeeded,manifest_file_number is 1, next_file_number is 3, last_sequence is 0, log_number is 0,prev_log_number is 0,max_column_family is 0,min_log_number_to_keep is 0
2021/12/17-10:42:30.226539 7ff4c21d4700 [/version_set.cc:4684] Column family [default] (ID 0), log number is 0
2021/12/17-10:42:30.226617 7ff4c21d4700 [/version_set.cc:4119] Creating manifest 4
2021/12/17-10:42:30.355565 7ff4c21d4700 [/db_impl/db_impl_open.cc:1757] SstFileManager instance 0x7ff4a01db7e0
2021/12/17-10:42:30.355582 7ff4c21d4700 DB pointer 0x7ff4a0261090
2021/12/17-10:50:52.431753 7ff4c1ccf700 [/db_impl/db_impl.cc:463] Shutdown: canceling all background work
2021/12/17-10:50:52.431866 7ff4c1ccf700 [/db_impl/db_impl.cc:642] Shutdown complete
