2021/12/17-10:42:30.119146 7ff4c23d6700 RocksDB version: 6.20.3
2021/12/17-10:42:30.119178 7ff4c23d6700 Compile date 2021-05-07 11:24:03
2021/12/17-10:42:30.119209 7ff4c23d6700 DB SUMMARY
2021/12/17-10:42:30.119211 7ff4c23d6700 DB Session ID:  PXXXJCKGKGS9BQKOJ417
2021/12/17-10:42:30.119228 7ff4c23d6700 SST files in /home/ubuntu/Documents/hivemq-ce-2021.3/data/persistence/retained_messages/040500_R/retained_messages_29 dir, Total Num: 0, files: 
2021/12/17-10:42:30.119229 7ff4c23d6700 Write Ahead Log file in /home/ubuntu/Documents/hivemq-ce-2021.3/data/persistence/retained_messages/040500_R/retained_messages_29: 
2021/12/17-10:42:30.119231 7ff4c23d6700                         Options.error_if_exists: 0
2021/12/17-10:42:30.119232 7ff4c23d6700                       Options.create_if_missing: 1
2021/12/17-10:42:30.119233 7ff4c23d6700                         Options.paranoid_checks: 1
2021/12/17-10:42:30.119234 7ff4c23d6700                               Options.track_and_verify_wals_in_manifest: 0
2021/12/17-10:42:30.119235 7ff4c23d6700                                     Options.env: 0x7ff4c35b80a0
2021/12/17-10:42:30.119236 7ff4c23d6700                                      Options.fs: Posix File System
2021/12/17-10:42:30.119237 7ff4c23d6700                                Options.info_log: 0x564a6606e5e0
2021/12/17-10:42:30.119237 7ff4c23d6700                Options.max_file_opening_threads: 16
2021/12/17-10:42:30.119238 7ff4c23d6700                              Options.statistics: 0x7ff4a0003190
2021/12/17-10:42:30.119239 7ff4c23d6700                               Options.use_fsync: 0
2021/12/17-10:42:30.119240 7ff4c23d6700                       Options.max_log_file_size: 512000
2021/12/17-10:42:30.119241 7ff4c23d6700                  Options.max_manifest_file_size: 1073741824
2021/12/17-10:42:30.119242 7ff4c23d6700                   Options.log_file_time_to_roll: 0
2021/12/17-10:42:30.119243 7ff4c23d6700                       Options.keep_log_file_num: 2
2021/12/17-10:42:30.119244 7ff4c23d6700                    Options.recycle_log_file_num: 0
2021/12/17-10:42:30.119244 7ff4c23d6700                         Options.allow_fallocate: 1
2021/12/17-10:42:30.119245 7ff4c23d6700                        Options.allow_mmap_reads: 0
2021/12/17-10:42:30.119246 7ff4c23d6700                       Options.allow_mmap_writes: 0
2021/12/17-10:42:30.119247 7ff4c23d6700                        Options.use_direct_reads: 0
2021/12/17-10:42:30.119248 7ff4c23d6700                        Options.use_direct_io_for_flush_and_compaction: 0
2021/12/17-10:42:30.119249 7ff4c23d6700          Options.create_missing_column_families: 0
2021/12/17-10:42:30.119250 7ff4c23d6700                              Options.db_log_dir: 
2021/12/17-10:42:30.119251 7ff4c23d6700                                 Options.wal_dir: /home/ubuntu/Documents/hivemq-ce-2021.3/data/persistence/retained_messages/040500_R/retained_messages_29
2021/12/17-10:42:30.119252 7ff4c23d6700                Options.table_cache_numshardbits: 6
2021/12/17-10:42:30.119252 7ff4c23d6700                         Options.WAL_ttl_seconds: 0
2021/12/17-10:42:30.119253 7ff4c23d6700                       Options.WAL_size_limit_MB: 0
2021/12/17-10:42:30.119254 7ff4c23d6700                        Options.max_write_batch_group_size_bytes: 1048576
2021/12/17-10:42:30.119255 7ff4c23d6700             Options.manifest_preallocation_size: 4194304
2021/12/17-10:42:30.119256 7ff4c23d6700                     Options.is_fd_close_on_exec: 1
2021/12/17-10:42:30.119257 7ff4c23d6700                   Options.advise_random_on_open: 1
2021/12/17-10:42:30.119257 7ff4c23d6700                    Options.db_write_buffer_size: 0
2021/12/17-10:42:30.119258 7ff4c23d6700                    Options.write_buffer_manager: 0x564a66057540
2021/12/17-10:42:30.119259 7ff4c23d6700         Options.access_hint_on_compaction_start: 1
2021/12/17-10:42:30.119260 7ff4c23d6700  Options.new_table_reader_for_compaction_inputs: 0
2021/12/17-10:42:30.119261 7ff4c23d6700           Options.random_access_max_buffer_size: 1048576
2021/12/17-10:42:30.119262 7ff4c23d6700                      Options.use_adaptive_mutex: 0
2021/12/17-10:42:30.119269 7ff4c23d6700                            Options.rate_limiter: (nil)
2021/12/17-10:42:30.119271 7ff4c23d6700     Options.sst_file_manager.rate_bytes_per_sec: 0
2021/12/17-10:42:30.119272 7ff4c23d6700                       Options.wal_recovery_mode: 2
2021/12/17-10:42:30.119272 7ff4c23d6700                  Options.enable_thread_tracking: 0
2021/12/17-10:42:30.119273 7ff4c23d6700                  Options.enable_pipelined_write: 0
2021/12/17-10:42:30.119274 7ff4c23d6700                  Options.unordered_write: 0
2021/12/17-10:42:30.119275 7ff4c23d6700         Options.allow_concurrent_memtable_write: 1
2021/12/17-10:42:30.119275 7ff4c23d6700      Options.enable_write_thread_adaptive_yield: 1
2021/12/17-10:42:30.119276 7ff4c23d6700             Options.write_thread_max_yield_usec: 100
2021/12/17-10:42:30.119277 7ff4c23d6700            Options.write_thread_slow_yield_usec: 3
2021/12/17-10:42:30.119278 7ff4c23d6700                               Options.row_cache: None
2021/12/17-10:42:30.119279 7ff4c23d6700                              Options.wal_filter: None
2021/12/17-10:42:30.119280 7ff4c23d6700             Options.avoid_flush_during_recovery: 0
2021/12/17-10:42:30.119280 7ff4c23d6700             Options.allow_ingest_behind: 0
2021/12/17-10:42:30.119281 7ff4c23d6700             Options.preserve_deletes: 0
2021/12/17-10:42:30.119282 7ff4c23d6700             Options.two_write_queues: 0
2021/12/17-10:42:30.119283 7ff4c23d6700             Options.manual_wal_flush: 0
2021/12/17-10:42:30.119284 7ff4c23d6700             Options.atomic_flush: 0
2021/12/17-10:42:30.119284 7ff4c23d6700             Options.avoid_unnecessary_blocking_io: 0
2021/12/17-10:42:30.119285 7ff4c23d6700                 Options.persist_stats_to_disk: 0
2021/12/17-10:42:30.119286 7ff4c23d6700                 Options.write_dbid_to_manifest: 0
2021/12/17-10:42:30.119287 7ff4c23d6700                 Options.log_readahead_size: 0
2021/12/17-10:42:30.119288 7ff4c23d6700                 Options.file_checksum_gen_factory: Unknown
2021/12/17-10:42:30.119288 7ff4c23d6700                 Options.best_efforts_recovery: 0
2021/12/17-10:42:30.119289 7ff4c23d6700                Options.max_bgerror_resume_count: 2147483647
2021/12/17-10:42:30.119290 7ff4c23d6700            Options.bgerror_resume_retry_interval: 1000000
2021/12/17-10:42:30.119291 7ff4c23d6700             Options.allow_data_in_errors: 0
2021/12/17-10:42:30.119292 7ff4c23d6700             Options.db_host_id: __hostname__
2021/12/17-10:42:30.119293 7ff4c23d6700             Options.max_background_jobs: 2
2021/12/17-10:42:30.119294 7ff4c23d6700             Options.max_background_compactions: -1
2021/12/17-10:42:30.119294 7ff4c23d6700             Options.max_subcompactions: 1
2021/12/17-10:42:30.119295 7ff4c23d6700             Options.avoid_flush_during_shutdown: 0
2021/12/17-10:42:30.119296 7ff4c23d6700           Options.writable_file_max_buffer_size: 1048576
2021/12/17-10:42:30.119297 7ff4c23d6700             Options.delayed_write_rate : 16777216
2021/12/17-10:42:30.119298 7ff4c23d6700             Options.max_total_wal_size: 0
2021/12/17-10:42:30.119299 7ff4c23d6700             Options.delete_obsolete_files_period_micros: 21600000000
2021/12/17-10:42:30.119299 7ff4c23d6700                   Options.stats_dump_period_sec: 0
2021/12/17-10:42:30.119300 7ff4c23d6700                 Options.stats_persist_period_sec: 0
2021/12/17-10:42:30.119301 7ff4c23d6700                 Options.stats_history_buffer_size: 65536
2021/12/17-10:42:30.119302 7ff4c23d6700                          Options.max_open_files: -1
2021/12/17-10:42:30.119303 7ff4c23d6700                          Options.bytes_per_sync: 0
2021/12/17-10:42:30.119304 7ff4c23d6700                      Options.wal_bytes_per_sync: 0
2021/12/17-10:42:30.119304 7ff4c23d6700                   Options.strict_bytes_per_sync: 0
2021/12/17-10:42:30.119305 7ff4c23d6700       Options.compaction_readahead_size: 0
2021/12/17-10:42:30.119306 7ff4c23d6700                  Options.max_background_flushes: -1
2021/12/17-10:42:30.119307 7ff4c23d6700 Compression algorithms supported:
2021/12/17-10:42:30.119312 7ff4c23d6700 	kZSTDNotFinalCompression supported: 1
2021/12/17-10:42:30.119313 7ff4c23d6700 	kZSTD supported: 1
2021/12/17-10:42:30.119314 7ff4c23d6700 	kXpressCompression supported: 0
2021/12/17-10:42:30.119315 7ff4c23d6700 	kLZ4HCCompression supported: 1
2021/12/17-10:42:30.119316 7ff4c23d6700 	kLZ4Compression supported: 1
2021/12/17-10:42:30.119317 7ff4c23d6700 	kBZip2Compression supported: 1
2021/12/17-10:42:30.119318 7ff4c23d6700 	kZlibCompression supported: 1
2021/12/17-10:42:30.119318 7ff4c23d6700 	kSnappyCompression supported: 1
2021/12/17-10:42:30.119320 7ff4c23d6700 Fast CRC32 supported: Not supported on x86
2021/12/17-10:42:30.138127 7ff4c23d6700 [/db_impl/db_impl_open.cc:285] Creating manifest 1 
2021/12/17-10:42:30.207751 7ff4c23d6700 [/version_set.cc:4627] Recovering from manifest file: /home/ubuntu/Documents/hivemq-ce-2021.3/data/persistence/retained_messages/040500_R/retained_messages_29/MANIFEST-000001
2021/12/17-10:42:30.208632 7ff4c23d6700 [/column_family.cc:598] --------------- Options for column family [default]:
2021/12/17-10:42:30.208636 7ff4c23d6700               Options.comparator: leveldb.BytewiseComparator
2021/12/17-10:42:30.208637 7ff4c23d6700           Options.merge_operator: None
2021/12/17-10:42:30.208638 7ff4c23d6700        Options.compaction_filter: None
2021/12/17-10:42:30.208639 7ff4c23d6700        Options.compaction_filter_factory: None
2021/12/17-10:42:30.208639 7ff4c23d6700  Options.sst_partitioner_factory: None
2021/12/17-10:42:30.208640 7ff4c23d6700         Options.memtable_factory: SkipListFactory
2021/12/17-10:42:30.208641 7ff4c23d6700            Options.table_factory: BlockBasedTable
2021/12/17-10:42:30.212626 7ff4c23d6700            table_factory options:   flush_block_policy_factory: FlushBlockBySizePolicyFactory (0x7ff4a006ca20)
  cache_index_and_filter_blocks: 0
  cache_index_and_filter_blocks_with_high_priority: 1
  pin_l0_filter_and_index_blocks_in_cache: 0
  pin_top_level_index_and_filter: 1
  index_type: 0
  data_block_index_type: 0
  index_shortening: 1
  data_block_hash_table_util_ratio: 0.750000
  hash_index_allow_collision: 1
  checksum: 1
  no_block_cache: 0
  block_cache: 0x7ff4a006c9a0
  block_cache_name: LRUCache
  block_cache_options:
    capacity : 128753152
    num_shard_bits : 6
    strict_capacity_limit : 0
    memory_allocator : None
    high_pri_pool_ratio: 0.000
  block_cache_compressed: (nil)
  persistent_cache: (nil)
  block_size: 32768
  block_size_deviation: 10
  block_restart_interval: 16
  index_block_restart_interval: 1
  metadata_block_size: 4096
  partition_filters: 0
  use_delta_encoding: 1
  filter_policy: nullptr
  whole_key_filtering: 1
  verify_compression: 0
  read_amp_bytes_per_bit: 0
  format_version: 5
  enable_index_compression: 1
  block_align: 0
2021/12/17-10:42:30.213616 7ff4c23d6700        Options.write_buffer_size: 4023536
2021/12/17-10:42:30.213618 7ff4c23d6700  Options.max_write_buffer_number: 2
2021/12/17-10:42:30.213620 7ff4c23d6700          Options.compression: Snappy
2021/12/17-10:42:30.213621 7ff4c23d6700                  Options.bottommost_compression: Disabled
2021/12/17-10:42:30.213622 7ff4c23d6700       Options.prefix_extractor: nullptr
2021/12/17-10:42:30.213623 7ff4c23d6700   Options.memtable_insert_with_hint_prefix_extractor: nullptr
2021/12/17-10:42:30.213624 7ff4c23d6700             Options.num_levels: 7
2021/12/17-10:42:30.213625 7ff4c23d6700        Options.min_write_buffer_number_to_merge: 1
2021/12/17-10:42:30.213626 7ff4c23d6700     Options.max_write_buffer_number_to_maintain: 0
2021/12/17-10:42:30.213626 7ff4c23d6700     Options.max_write_buffer_size_to_maintain: 0
2021/12/17-10:42:30.213627 7ff4c23d6700            Options.bottommost_compression_opts.window_bits: -14
2021/12/17-10:42:30.213628 7ff4c23d6700                  Options.bottommost_compression_opts.level: 32767
2021/12/17-10:42:30.213629 7ff4c23d6700               Options.bottommost_compression_opts.strategy: 0
2021/12/17-10:42:30.213630 7ff4c23d6700         Options.bottommost_compression_opts.max_dict_bytes: 0
2021/12/17-10:42:30.213700 7ff4c23d6700         Options.bottommost_compression_opts.zstd_max_train_bytes: 0
2021/12/17-10:42:30.213702 7ff4c23d6700         Options.bottommost_compression_opts.parallel_threads: 1
2021/12/17-10:42:30.213703 7ff4c23d6700                  Options.bottommost_compression_opts.enabled: false
2021/12/17-10:42:30.213704 7ff4c23d6700         Options.bottommost_compression_opts.max_dict_buffer_bytes: 0
2021/12/17-10:42:30.213705 7ff4c23d6700            Options.compression_opts.window_bits: -14
2021/12/17-10:42:30.213705 7ff4c23d6700                  Options.compression_opts.level: 32767
2021/12/17-10:42:30.213706 7ff4c23d6700               Options.compression_opts.strategy: 0
2021/12/17-10:42:30.213707 7ff4c23d6700         Options.compression_opts.max_dict_bytes: 0
2021/12/17-10:42:30.213708 7ff4c23d6700         Options.compression_opts.zstd_max_train_bytes: 0
2021/12/17-10:42:30.213709 7ff4c23d6700         Options.compression_opts.parallel_threads: 1
2021/12/17-10:42:30.213710 7ff4c23d6700                  Options.compression_opts.enabled: false
2021/12/17-10:42:30.213710 7ff4c23d6700         Options.compression_opts.max_dict_buffer_bytes: 0
2021/12/17-10:42:30.213711 7ff4c23d6700      Options.level0_file_num_compaction_trigger: 4
2021/12/17-10:42:30.213712 7ff4c23d6700          Options.level0_slowdown_writes_trigger: 20
2021/12/17-10:42:30.213713 7ff4c23d6700              Options.level0_stop_writes_trigger: 36
2021/12/17-10:42:30.213714 7ff4c23d6700                   Options.target_file_size_base: 67108864
2021/12/17-10:42:30.213715 7ff4c23d6700             Options.target_file_size_multiplier: 1
2021/12/17-10:42:30.213716 7ff4c23d6700                Options.max_bytes_for_level_base: 268435456
2021/12/17-10:42:30.213717 7ff4c23d6700 Options.level_compaction_dynamic_level_bytes: 0
2021/12/17-10:42:30.213718 7ff4c23d6700          Options.max_bytes_for_level_multiplier: 10.000000
2021/12/17-10:42:30.213720 7ff4c23d6700 Options.max_bytes_for_level_multiplier_addtl[0]: 1
2021/12/17-10:42:30.213721 7ff4c23d6700 Options.max_bytes_for_level_multiplier_addtl[1]: 1
2021/12/17-10:42:30.213722 7ff4c23d6700 Options.max_bytes_for_level_multiplier_addtl[2]: 1
2021/12/17-10:42:30.213722 7ff4c23d6700 Options.max_bytes_for_level_multiplier_addtl[3]: 1
2021/12/17-10:42:30.213723 7ff4c23d6700 Options.max_bytes_for_level_multiplier_addtl[4]: 1
2021/12/17-10:42:30.213724 7ff4c23d6700 Options.max_bytes_for_level_multiplier_addtl[5]: 1
2021/12/17-10:42:30.213725 7ff4c23d6700 Options.max_bytes_for_level_multiplier_addtl[6]: 1
2021/12/17-10:42:30.213726 7ff4c23d6700       Options.max_sequential_skip_in_iterations: 8
2021/12/17-10:42:30.213727 7ff4c23d6700                    Options.max_compaction_bytes: 1677721600
2021/12/17-10:42:30.213727 7ff4c23d6700                        Options.arena_block_size: 503808
2021/12/17-10:42:30.213728 7ff4c23d6700   Options.soft_pending_compaction_bytes_limit: 68719476736
2021/12/17-10:42:30.213729 7ff4c23d6700   Options.hard_pending_compaction_bytes_limit: 274877906944
2021/12/17-10:42:30.213730 7ff4c23d6700       Options.rate_limit_delay_max_milliseconds: 100
2021/12/17-10:42:30.213731 7ff4c23d6700                Options.disable_auto_compactions: 0
2021/12/17-10:42:30.213732 7ff4c23d6700                        Options.compaction_style: kCompactionStyleLevel
2021/12/17-10:42:30.213733 7ff4c23d6700                          Options.compaction_pri: kMinOverlappingRatio
2021/12/17-10:42:30.213734 7ff4c23d6700 Options.compaction_options_universal.size_ratio: 1
2021/12/17-10:42:30.213735 7ff4c23d6700 Options.compaction_options_universal.min_merge_width: 2
2021/12/17-10:42:30.213736 7ff4c23d6700 Options.compaction_options_universal.max_merge_width: 4294967295
2021/12/17-10:42:30.213737 7ff4c23d6700 Options.compaction_options_universal.max_size_amplification_percent: 200
2021/12/17-10:42:30.213738 7ff4c23d6700 Options.compaction_options_universal.compression_size_percent: -1
2021/12/17-10:42:30.213738 7ff4c23d6700 Options.compaction_options_universal.stop_style: kCompactionStopStyleTotalSize
2021/12/17-10:42:30.213752 7ff4c23d6700 Options.compaction_options_fifo.max_table_files_size: 1073741824
2021/12/17-10:42:30.213753 7ff4c23d6700 Options.compaction_options_fifo.allow_compaction: 0
2021/12/17-10:42:30.213759 7ff4c23d6700                   Options.table_properties_collectors: 
2021/12/17-10:42:30.213760 7ff4c23d6700                   Options.inplace_update_support: 0
2021/12/17-10:42:30.213761 7ff4c23d6700                 Options.inplace_update_num_locks: 10000
2021/12/17-10:42:30.213762 7ff4c23d6700               Options.memtable_prefix_bloom_size_ratio: 0.000000
2021/12/17-10:42:30.213763 7ff4c23d6700               Options.memtable_whole_key_filtering: 0
2021/12/17-10:42:30.213764 7ff4c23d6700   Options.memtable_huge_page_size: 0
2021/12/17-10:42:30.213765 7ff4c23d6700                           Options.bloom_locality: 0
2021/12/17-10:42:30.213766 7ff4c23d6700                    Options.max_successive_merges: 0
2021/12/17-10:42:30.213767 7ff4c23d6700                Options.optimize_filters_for_hits: 0
2021/12/17-10:42:30.213767 7ff4c23d6700                Options.paranoid_file_checks: 0
2021/12/17-10:42:30.213768 7ff4c23d6700                Options.force_consistency_checks: 1
2021/12/17-10:42:30.213769 7ff4c23d6700                Options.report_bg_io_stats: 0
2021/12/17-10:42:30.213770 7ff4c23d6700                               Options.ttl: 2592000
2021/12/17-10:42:30.213771 7ff4c23d6700          Options.periodic_compaction_seconds: 0
2021/12/17-10:42:30.213772 7ff4c23d6700                    Options.enable_blob_files: false
2021/12/17-10:42:30.213772 7ff4c23d6700                        Options.min_blob_size: 0
2021/12/17-10:42:30.213773 7ff4c23d6700                       Options.blob_file_size: 268435456
2021/12/17-10:42:30.213774 7ff4c23d6700                Options.blob_compression_type: NoCompression
2021/12/17-10:42:30.213775 7ff4c23d6700       Options.enable_blob_garbage_collection: false
2021/12/17-10:42:30.213776 7ff4c23d6700   Options.blob_garbage_collection_age_cutoff: 0.250000
2021/12/17-10:42:30.216818 7ff4c23d6700 [/version_set.cc:4675] Recovered from manifest file:/home/ubuntu/Documents/hivemq-ce-2021.3/data/persistence/retained_messages/040500_R/retained_messages_29/MANIFEST-000001 succeeded,manifest_file_number is 1, next_file_number is 3, last_sequence is 0, log_number is 0,prev_log_number is 0,max_column_family is 0,min_log_number_to_keep is 0
2021/12/17-10:42:30.216823 7ff4c23d6700 [/version_set.cc:4684] Column family [default] (ID 0), log number is 0
2021/12/17-10:42:30.216886 7ff4c23d6700 [/version_set.cc:4119] Creating manifest 4
2021/12/17-10:42:30.348791 7ff4c23d6700 [/db_impl/db_impl_open.cc:1757] SstFileManager instance 0x564a66127ea0
2021/12/17-10:42:30.348812 7ff4c23d6700 DB pointer 0x564a66092010
2021/12/17-10:50:52.040200 7ff4c20d3700 [/db_impl/db_impl.cc:463] Shutdown: canceling all background work
2021/12/17-10:50:52.041684 7ff4c20d3700 [/db_impl/db_impl.cc:642] Shutdown complete
