2021/12/17-10:42:29.732648 7ff4c18cb700 RocksDB version: 6.20.3
2021/12/17-10:42:29.732677 7ff4c18cb700 Compile date 2021-05-07 11:24:03
2021/12/17-10:42:29.732710 7ff4c18cb700 DB SUMMARY
2021/12/17-10:42:29.732711 7ff4c18cb700 DB Session ID:  XZT8Y68J8Y8J88H4MG55
2021/12/17-10:42:29.732725 7ff4c18cb700 SST files in /home/ubuntu/Documents/hivemq-ce-2021.3/data/persistence/retained_messages/040500_R/retained_messages_6 dir, Total Num: 0, files: 
2021/12/17-10:42:29.732727 7ff4c18cb700 Write Ahead Log file in /home/ubuntu/Documents/hivemq-ce-2021.3/data/persistence/retained_messages/040500_R/retained_messages_6: 
2021/12/17-10:42:29.732728 7ff4c18cb700                         Options.error_if_exists: 0
2021/12/17-10:42:29.732729 7ff4c18cb700                       Options.create_if_missing: 1
2021/12/17-10:42:29.732730 7ff4c18cb700                         Options.paranoid_checks: 1
2021/12/17-10:42:29.732731 7ff4c18cb700                               Options.track_and_verify_wals_in_manifest: 0
2021/12/17-10:42:29.732732 7ff4c18cb700                                     Options.env: 0x7ff4c35b80a0
2021/12/17-10:42:29.732733 7ff4c18cb700                                      Options.fs: Posix File System
2021/12/17-10:42:29.732734 7ff4c18cb700                                Options.info_log: 0x7ff4c80fb8b0
2021/12/17-10:42:29.732735 7ff4c18cb700                Options.max_file_opening_threads: 16
2021/12/17-10:42:29.732736 7ff4c18cb700                              Options.statistics: 0x7ff4a0003190
2021/12/17-10:42:29.732736 7ff4c18cb700                               Options.use_fsync: 0
2021/12/17-10:42:29.732737 7ff4c18cb700                       Options.max_log_file_size: 512000
2021/12/17-10:42:29.732738 7ff4c18cb700                  Options.max_manifest_file_size: 1073741824
2021/12/17-10:42:29.732739 7ff4c18cb700                   Options.log_file_time_to_roll: 0
2021/12/17-10:42:29.732740 7ff4c18cb700                       Options.keep_log_file_num: 2
2021/12/17-10:42:29.732741 7ff4c18cb700                    Options.recycle_log_file_num: 0
2021/12/17-10:42:29.732742 7ff4c18cb700                         Options.allow_fallocate: 1
2021/12/17-10:42:29.732743 7ff4c18cb700                        Options.allow_mmap_reads: 0
2021/12/17-10:42:29.732743 7ff4c18cb700                       Options.allow_mmap_writes: 0
2021/12/17-10:42:29.732744 7ff4c18cb700                        Options.use_direct_reads: 0
2021/12/17-10:42:29.732745 7ff4c18cb700                        Options.use_direct_io_for_flush_and_compaction: 0
2021/12/17-10:42:29.732746 7ff4c18cb700          Options.create_missing_column_families: 0
2021/12/17-10:42:29.732747 7ff4c18cb700                              Options.db_log_dir: 
2021/12/17-10:42:29.732747 7ff4c18cb700                                 Options.wal_dir: /home/ubuntu/Documents/hivemq-ce-2021.3/data/persistence/retained_messages/040500_R/retained_messages_6
2021/12/17-10:42:29.732748 7ff4c18cb700                Options.table_cache_numshardbits: 6
2021/12/17-10:42:29.732749 7ff4c18cb700                         Options.WAL_ttl_seconds: 0
2021/12/17-10:42:29.732750 7ff4c18cb700                       Options.WAL_size_limit_MB: 0
2021/12/17-10:42:29.732751 7ff4c18cb700                        Options.max_write_batch_group_size_bytes: 1048576
2021/12/17-10:42:29.732752 7ff4c18cb700             Options.manifest_preallocation_size: 4194304
2021/12/17-10:42:29.732753 7ff4c18cb700                     Options.is_fd_close_on_exec: 1
2021/12/17-10:42:29.732753 7ff4c18cb700                   Options.advise_random_on_open: 1
2021/12/17-10:42:29.732754 7ff4c18cb700                    Options.db_write_buffer_size: 0
2021/12/17-10:42:29.732755 7ff4c18cb700                    Options.write_buffer_manager: 0x7ff4c80dffb0
2021/12/17-10:42:29.732756 7ff4c18cb700         Options.access_hint_on_compaction_start: 1
2021/12/17-10:42:29.732757 7ff4c18cb700  Options.new_table_reader_for_compaction_inputs: 0
2021/12/17-10:42:29.732757 7ff4c18cb700           Options.random_access_max_buffer_size: 1048576
2021/12/17-10:42:29.732758 7ff4c18cb700                      Options.use_adaptive_mutex: 0
2021/12/17-10:42:29.732759 7ff4c18cb700                            Options.rate_limiter: (nil)
2021/12/17-10:42:29.732768 7ff4c18cb700     Options.sst_file_manager.rate_bytes_per_sec: 0
2021/12/17-10:42:29.732769 7ff4c18cb700                       Options.wal_recovery_mode: 2
2021/12/17-10:42:29.732770 7ff4c18cb700                  Options.enable_thread_tracking: 0
2021/12/17-10:42:29.732770 7ff4c18cb700                  Options.enable_pipelined_write: 0
2021/12/17-10:42:29.732771 7ff4c18cb700                  Options.unordered_write: 0
2021/12/17-10:42:29.732772 7ff4c18cb700         Options.allow_concurrent_memtable_write: 1
2021/12/17-10:42:29.732773 7ff4c18cb700      Options.enable_write_thread_adaptive_yield: 1
2021/12/17-10:42:29.732774 7ff4c18cb700             Options.write_thread_max_yield_usec: 100
2021/12/17-10:42:29.732774 7ff4c18cb700            Options.write_thread_slow_yield_usec: 3
2021/12/17-10:42:29.732775 7ff4c18cb700                               Options.row_cache: None
2021/12/17-10:42:29.732776 7ff4c18cb700                              Options.wal_filter: None
2021/12/17-10:42:29.732777 7ff4c18cb700             Options.avoid_flush_during_recovery: 0
2021/12/17-10:42:29.732778 7ff4c18cb700             Options.allow_ingest_behind: 0
2021/12/17-10:42:29.732779 7ff4c18cb700             Options.preserve_deletes: 0
2021/12/17-10:42:29.732780 7ff4c18cb700             Options.two_write_queues: 0
2021/12/17-10:42:29.732780 7ff4c18cb700             Options.manual_wal_flush: 0
2021/12/17-10:42:29.732781 7ff4c18cb700             Options.atomic_flush: 0
2021/12/17-10:42:29.732782 7ff4c18cb700             Options.avoid_unnecessary_blocking_io: 0
2021/12/17-10:42:29.732783 7ff4c18cb700                 Options.persist_stats_to_disk: 0
2021/12/17-10:42:29.732784 7ff4c18cb700                 Options.write_dbid_to_manifest: 0
2021/12/17-10:42:29.732784 7ff4c18cb700                 Options.log_readahead_size: 0
2021/12/17-10:42:29.732785 7ff4c18cb700                 Options.file_checksum_gen_factory: Unknown
2021/12/17-10:42:29.732786 7ff4c18cb700                 Options.best_efforts_recovery: 0
2021/12/17-10:42:29.732787 7ff4c18cb700                Options.max_bgerror_resume_count: 2147483647
2021/12/17-10:42:29.732788 7ff4c18cb700            Options.bgerror_resume_retry_interval: 1000000
2021/12/17-10:42:29.732789 7ff4c18cb700             Options.allow_data_in_errors: 0
2021/12/17-10:42:29.732789 7ff4c18cb700             Options.db_host_id: __hostname__
2021/12/17-10:42:29.732790 7ff4c18cb700             Options.max_background_jobs: 2
2021/12/17-10:42:29.732791 7ff4c18cb700             Options.max_background_compactions: -1
2021/12/17-10:42:29.732792 7ff4c18cb700             Options.max_subcompactions: 1
2021/12/17-10:42:29.732793 7ff4c18cb700             Options.avoid_flush_during_shutdown: 0
2021/12/17-10:42:29.732794 7ff4c18cb700           Options.writable_file_max_buffer_size: 1048576
2021/12/17-10:42:29.732795 7ff4c18cb700             Options.delayed_write_rate : 16777216
2021/12/17-10:42:29.732796 7ff4c18cb700             Options.max_total_wal_size: 0
2021/12/17-10:42:29.732796 7ff4c18cb700             Options.delete_obsolete_files_period_micros: 21600000000
2021/12/17-10:42:29.732797 7ff4c18cb700                   Options.stats_dump_period_sec: 0
2021/12/17-10:42:29.732798 7ff4c18cb700                 Options.stats_persist_period_sec: 0
2021/12/17-10:42:29.732799 7ff4c18cb700                 Options.stats_history_buffer_size: 65536
2021/12/17-10:42:29.732800 7ff4c18cb700                          Options.max_open_files: -1
2021/12/17-10:42:29.732801 7ff4c18cb700                          Options.bytes_per_sync: 0
2021/12/17-10:42:29.732801 7ff4c18cb700                      Options.wal_bytes_per_sync: 0
2021/12/17-10:42:29.732802 7ff4c18cb700                   Options.strict_bytes_per_sync: 0
2021/12/17-10:42:29.732803 7ff4c18cb700       Options.compaction_readahead_size: 0
2021/12/17-10:42:29.732804 7ff4c18cb700                  Options.max_background_flushes: -1
2021/12/17-10:42:29.732805 7ff4c18cb700 Compression algorithms supported:
2021/12/17-10:42:29.732811 7ff4c18cb700 	kZSTDNotFinalCompression supported: 1
2021/12/17-10:42:29.732812 7ff4c18cb700 	kZSTD supported: 1
2021/12/17-10:42:29.732813 7ff4c18cb700 	kXpressCompression supported: 0
2021/12/17-10:42:29.732814 7ff4c18cb700 	kLZ4HCCompression supported: 1
2021/12/17-10:42:29.732815 7ff4c18cb700 	kLZ4Compression supported: 1
2021/12/17-10:42:29.732816 7ff4c18cb700 	kBZip2Compression supported: 1
2021/12/17-10:42:29.732816 7ff4c18cb700 	kZlibCompression supported: 1
2021/12/17-10:42:29.732817 7ff4c18cb700 	kSnappyCompression supported: 1
2021/12/17-10:42:29.732819 7ff4c18cb700 Fast CRC32 supported: Not supported on x86
2021/12/17-10:42:29.775842 7ff4c18cb700 [/db_impl/db_impl_open.cc:285] Creating manifest 1 
2021/12/17-10:42:29.843468 7ff4c18cb700 [/version_set.cc:4627] Recovering from manifest file: /home/ubuntu/Documents/hivemq-ce-2021.3/data/persistence/retained_messages/040500_R/retained_messages_6/MANIFEST-000001
2021/12/17-10:42:29.845098 7ff4c18cb700 [/column_family.cc:598] --------------- Options for column family [default]:
2021/12/17-10:42:29.845103 7ff4c18cb700               Options.comparator: leveldb.BytewiseComparator
2021/12/17-10:42:29.845104 7ff4c18cb700           Options.merge_operator: None
2021/12/17-10:42:29.845105 7ff4c18cb700        Options.compaction_filter: None
2021/12/17-10:42:29.845105 7ff4c18cb700        Options.compaction_filter_factory: None
2021/12/17-10:42:29.845106 7ff4c18cb700  Options.sst_partitioner_factory: None
2021/12/17-10:42:29.845107 7ff4c18cb700         Options.memtable_factory: SkipListFactory
2021/12/17-10:42:29.845108 7ff4c18cb700            Options.table_factory: BlockBasedTable
2021/12/17-10:42:29.845126 7ff4c18cb700            table_factory options:   flush_block_policy_factory: FlushBlockBySizePolicyFactory (0x7ff4a006ca20)
  cache_index_and_filter_blocks: 0
  cache_index_and_filter_blocks_with_high_priority: 1
  pin_l0_filter_and_index_blocks_in_cache: 0
  pin_top_level_index_and_filter: 1
  index_type: 0
  data_block_index_type: 0
  index_shortening: 1
  data_block_hash_table_util_ratio: 0.750000
  hash_index_allow_collision: 1
  checksum: 1
  no_block_cache: 0
  block_cache: 0x7ff4a006c9a0
  block_cache_name: LRUCache
  block_cache_options:
    capacity : 128753152
    num_shard_bits : 6
    strict_capacity_limit : 0
    memory_allocator : None
    high_pri_pool_ratio: 0.000
  block_cache_compressed: (nil)
  persistent_cache: (nil)
  block_size: 32768
  block_size_deviation: 10
  block_restart_interval: 16
  index_block_restart_interval: 1
  metadata_block_size: 4096
  partition_filters: 0
  use_delta_encoding: 1
  filter_policy: nullptr
  whole_key_filtering: 1
  verify_compression: 0
  read_amp_bytes_per_bit: 0
  format_version: 5
  enable_index_compression: 1
  block_align: 0
2021/12/17-10:42:29.845129 7ff4c18cb700        Options.write_buffer_size: 4023536
2021/12/17-10:42:29.845130 7ff4c18cb700  Options.max_write_buffer_number: 2
2021/12/17-10:42:29.845131 7ff4c18cb700          Options.compression: Snappy
2021/12/17-10:42:29.845132 7ff4c18cb700                  Options.bottommost_compression: Disabled
2021/12/17-10:42:29.845133 7ff4c18cb700       Options.prefix_extractor: nullptr
2021/12/17-10:42:29.845134 7ff4c18cb700   Options.memtable_insert_with_hint_prefix_extractor: nullptr
2021/12/17-10:42:29.845135 7ff4c18cb700             Options.num_levels: 7
2021/12/17-10:42:29.845135 7ff4c18cb700        Options.min_write_buffer_number_to_merge: 1
2021/12/17-10:42:29.845136 7ff4c18cb700     Options.max_write_buffer_number_to_maintain: 0
2021/12/17-10:42:29.845137 7ff4c18cb700     Options.max_write_buffer_size_to_maintain: 0
2021/12/17-10:42:29.845138 7ff4c18cb700            Options.bottommost_compression_opts.window_bits: -14
2021/12/17-10:42:29.845139 7ff4c18cb700                  Options.bottommost_compression_opts.level: 32767
2021/12/17-10:42:29.845140 7ff4c18cb700               Options.bottommost_compression_opts.strategy: 0
2021/12/17-10:42:29.845140 7ff4c18cb700         Options.bottommost_compression_opts.max_dict_bytes: 0
2021/12/17-10:42:29.845154 7ff4c18cb700         Options.bottommost_compression_opts.zstd_max_train_bytes: 0
2021/12/17-10:42:29.845155 7ff4c18cb700         Options.bottommost_compression_opts.parallel_threads: 1
2021/12/17-10:42:29.845156 7ff4c18cb700                  Options.bottommost_compression_opts.enabled: false
2021/12/17-10:42:29.845157 7ff4c18cb700         Options.bottommost_compression_opts.max_dict_buffer_bytes: 0
2021/12/17-10:42:29.845158 7ff4c18cb700            Options.compression_opts.window_bits: -14
2021/12/17-10:42:29.845159 7ff4c18cb700                  Options.compression_opts.level: 32767
2021/12/17-10:42:29.845160 7ff4c18cb700               Options.compression_opts.strategy: 0
2021/12/17-10:42:29.845160 7ff4c18cb700         Options.compression_opts.max_dict_bytes: 0
2021/12/17-10:42:29.845161 7ff4c18cb700         Options.compression_opts.zstd_max_train_bytes: 0
2021/12/17-10:42:29.845162 7ff4c18cb700         Options.compression_opts.parallel_threads: 1
2021/12/17-10:42:29.845163 7ff4c18cb700                  Options.compression_opts.enabled: false
2021/12/17-10:42:29.845164 7ff4c18cb700         Options.compression_opts.max_dict_buffer_bytes: 0
2021/12/17-10:42:29.845165 7ff4c18cb700      Options.level0_file_num_compaction_trigger: 4
2021/12/17-10:42:29.845166 7ff4c18cb700          Options.level0_slowdown_writes_trigger: 20
2021/12/17-10:42:29.845166 7ff4c18cb700              Options.level0_stop_writes_trigger: 36
2021/12/17-10:42:29.845167 7ff4c18cb700                   Options.target_file_size_base: 67108864
2021/12/17-10:42:29.845168 7ff4c18cb700             Options.target_file_size_multiplier: 1
2021/12/17-10:42:29.845169 7ff4c18cb700                Options.max_bytes_for_level_base: 268435456
2021/12/17-10:42:29.845170 7ff4c18cb700 Options.level_compaction_dynamic_level_bytes: 0
2021/12/17-10:42:29.845171 7ff4c18cb700          Options.max_bytes_for_level_multiplier: 10.000000
2021/12/17-10:42:29.845172 7ff4c18cb700 Options.max_bytes_for_level_multiplier_addtl[0]: 1
2021/12/17-10:42:29.845173 7ff4c18cb700 Options.max_bytes_for_level_multiplier_addtl[1]: 1
2021/12/17-10:42:29.845174 7ff4c18cb700 Options.max_bytes_for_level_multiplier_addtl[2]: 1
2021/12/17-10:42:29.845175 7ff4c18cb700 Options.max_bytes_for_level_multiplier_addtl[3]: 1
2021/12/17-10:42:29.845176 7ff4c18cb700 Options.max_bytes_for_level_multiplier_addtl[4]: 1
2021/12/17-10:42:29.845177 7ff4c18cb700 Options.max_bytes_for_level_multiplier_addtl[5]: 1
2021/12/17-10:42:29.845177 7ff4c18cb700 Options.max_bytes_for_level_multiplier_addtl[6]: 1
2021/12/17-10:42:29.845178 7ff4c18cb700       Options.max_sequential_skip_in_iterations: 8
2021/12/17-10:42:29.845179 7ff4c18cb700                    Options.max_compaction_bytes: 1677721600
2021/12/17-10:42:29.845180 7ff4c18cb700                        Options.arena_block_size: 503808
2021/12/17-10:42:29.845181 7ff4c18cb700   Options.soft_pending_compaction_bytes_limit: 68719476736
2021/12/17-10:42:29.845182 7ff4c18cb700   Options.hard_pending_compaction_bytes_limit: 274877906944
2021/12/17-10:42:29.845183 7ff4c18cb700       Options.rate_limit_delay_max_milliseconds: 100
2021/12/17-10:42:29.845183 7ff4c18cb700                Options.disable_auto_compactions: 0
2021/12/17-10:42:29.845185 7ff4c18cb700                        Options.compaction_style: kCompactionStyleLevel
2021/12/17-10:42:29.845185 7ff4c18cb700                          Options.compaction_pri: kMinOverlappingRatio
2021/12/17-10:42:29.845186 7ff4c18cb700 Options.compaction_options_universal.size_ratio: 1
2021/12/17-10:42:29.845187 7ff4c18cb700 Options.compaction_options_universal.min_merge_width: 2
2021/12/17-10:42:29.845188 7ff4c18cb700 Options.compaction_options_universal.max_merge_width: 4294967295
2021/12/17-10:42:29.845189 7ff4c18cb700 Options.compaction_options_universal.max_size_amplification_percent: 200
2021/12/17-10:42:29.845190 7ff4c18cb700 Options.compaction_options_universal.compression_size_percent: -1
2021/12/17-10:42:29.845191 7ff4c18cb700 Options.compaction_options_universal.stop_style: kCompactionStopStyleTotalSize
2021/12/17-10:42:29.845199 7ff4c18cb700 Options.compaction_options_fifo.max_table_files_size: 1073741824
2021/12/17-10:42:29.845200 7ff4c18cb700 Options.compaction_options_fifo.allow_compaction: 0
2021/12/17-10:42:29.845203 7ff4c18cb700                   Options.table_properties_collectors: 
2021/12/17-10:42:29.845204 7ff4c18cb700                   Options.inplace_update_support: 0
2021/12/17-10:42:29.845205 7ff4c18cb700                 Options.inplace_update_num_locks: 10000
2021/12/17-10:42:29.845206 7ff4c18cb700               Options.memtable_prefix_bloom_size_ratio: 0.000000
2021/12/17-10:42:29.845207 7ff4c18cb700               Options.memtable_whole_key_filtering: 0
2021/12/17-10:42:29.845208 7ff4c18cb700   Options.memtable_huge_page_size: 0
2021/12/17-10:42:29.845209 7ff4c18cb700                           Options.bloom_locality: 0
2021/12/17-10:42:29.845209 7ff4c18cb700                    Options.max_successive_merges: 0
2021/12/17-10:42:29.845210 7ff4c18cb700                Options.optimize_filters_for_hits: 0
2021/12/17-10:42:29.845211 7ff4c18cb700                Options.paranoid_file_checks: 0
2021/12/17-10:42:29.845212 7ff4c18cb700                Options.force_consistency_checks: 1
2021/12/17-10:42:29.845213 7ff4c18cb700                Options.report_bg_io_stats: 0
2021/12/17-10:42:29.845213 7ff4c18cb700                               Options.ttl: 2592000
2021/12/17-10:42:29.845214 7ff4c18cb700          Options.periodic_compaction_seconds: 0
2021/12/17-10:42:29.845215 7ff4c18cb700                    Options.enable_blob_files: false
2021/12/17-10:42:29.845216 7ff4c18cb700                        Options.min_blob_size: 0
2021/12/17-10:42:29.845217 7ff4c18cb700                       Options.blob_file_size: 268435456
2021/12/17-10:42:29.845218 7ff4c18cb700                Options.blob_compression_type: NoCompression
2021/12/17-10:42:29.845218 7ff4c18cb700       Options.enable_blob_garbage_collection: false
2021/12/17-10:42:29.845219 7ff4c18cb700   Options.blob_garbage_collection_age_cutoff: 0.250000
2021/12/17-10:42:29.892035 7ff4c18cb700 [/version_set.cc:4675] Recovered from manifest file:/home/ubuntu/Documents/hivemq-ce-2021.3/data/persistence/retained_messages/040500_R/retained_messages_6/MANIFEST-000001 succeeded,manifest_file_number is 1, next_file_number is 3, last_sequence is 0, log_number is 0,prev_log_number is 0,max_column_family is 0,min_log_number_to_keep is 0
2021/12/17-10:42:29.892041 7ff4c18cb700 [/version_set.cc:4684] Column family [default] (ID 0), log number is 0
2021/12/17-10:42:29.892106 7ff4c18cb700 [/version_set.cc:4119] Creating manifest 4
2021/12/17-10:42:30.038221 7ff4c18cb700 [/db_impl/db_impl_open.cc:1757] SstFileManager instance 0x7ff4c80e1a00
2021/12/17-10:42:30.038240 7ff4c18cb700 DB pointer 0x7ff4c811fcf0
2021/12/17-10:50:52.364943 7ff4c1bce700 [/db_impl/db_impl.cc:463] Shutdown: canceling all background work
2021/12/17-10:50:52.366900 7ff4c1bce700 [/db_impl/db_impl.cc:642] Shutdown complete
